xmag ymag zmag
-4148 1542 -3280
-4116 1735 -3280
-4116 1735 -3280
-4116 1735 -3280
-4116 1735 -3280
-4116 1735 -3280
-4116 1735 -3280
-4116 1735 -3280
-4116 1735 -3243
-4144 1644 -3243
-4144 1644 -3243
-4144 1644 -3243
-4144 1644 -3243
-4144 1644 -3243
-4144 1644 -3243
-4144 1644 -3243
-4144 1644 -3243
-4197 1497 -3072
-4197 1497 -3072
-4197 1497 -3072
-4197 1497 -3072
-4197 1497 -3072
-4197 1497 -3072
-4197 1497 -3072
-4197 1497 -3072
-4193 1320 -3084
-4193 1320 -3084
-4193 1320 -3084
-4193 1320 -3084
-4193 1320 -3084
-4193 1320 -3084
-4193 1320 -3084
-4193 1320 -3084
-4168 1329 -3180
-4168 1329 -3180
-4168 1329 -3180
-4168 1329 -3180
-4168 1329 -3180
-4168 1329 -3180
-4168 1329 -3180
-4168 1329 -3180
-4141 1544 -3264
-4141 1544 -3264
-4141 1544 -3264
-4141 1544 -3264
-4141 1544 -3264
-4141 1544 -3264
-4141 1544 -3264
-4141 1544 -3264
-4074 1797 -3288
-4074 1797 -3288
-4074 1797 -3288
-4074 1797 -3288
-4074 1797 -3288
-4074 1797 -3288
-4074 1797 -3288
-4074 1797 -3288
-4024 1896 -3337
-4024 1896 -3337
-4024 1896 -3337
-4024 1896 -3337
-4024 1896 -3337
-4024 1896 -3337
-4024 1896 -3337
-4024 1896 -3337
-4025 1896 -3295
-4025 1896 -3295
-4025 1896 -3295
-4025 1896 -3295
-4025 1896 -3295
-4025 1896 -3295
-4025 1896 -3295
-4025 1896 -3295
-4068 1852 -3200
-4068 1852 -3200
-4068 1852 -3200
-4068 1852 -3200
-4068 1852 -3200
-4068 1852 -3200
-4068 1852 -3200
-4068 1852 -3200
-4090 1561 -3100
-4090 1561 -3100
-4090 1561 -3100
-4090 1561 -3100
-4090 1561 -3100
-4090 1561 -3100
-4090 1561 -3100
-4090 1561 -3100
-4089 1282 -3065
-4089 1282 -3065
-4089 1282 -3065
-4089 1282 -3065
-4089 1282 -3065
-4089 1282 -3065
-4089 1282 -3065
-4089 1282 -3065
-4092 1087 -2898
-4092 1087 -2898
-4092 1087 -2898
-4092 1087 -2898
-4092 1087 -2898
-4092 1087 -2898
-4092 1087 -2898
-4092 575 -2740
-4103 766 -2740
-4103 766 -2740
-4103 766 -2740
-4103 766 -2740
-4103 766 -2740
-4103 766 -2740
-4103 766 -2740
-3998 348 -2646
-3998 348 -2646
-3998 348 -2646
-3998 348 -2646
-3998 348 -2646
-3998 348 -2646
-3998 348 -2646
-3998 348 -2646
-3914 62 -2624
-3914 62 -2624
-3914 62 -2624
-3914 62 -2624
-3914 62 -2624
-3914 62 -2624
-3914 62 -2624
-3914 62 -2624
-3889 -69 -2613
-3889 -69 -2613
-3889 -69 -2613
-3889 -69 -2613
-3889 -69 -2613
-3889 -69 -2613
-3889 -69 -2613
-3889 -69 -2613
-3863 -71 -2649
-3863 -71 -2649
-3863 -71 -2649
-3863 -71 -2649
-3863 -71 -2649
-3863 -71 -2649
-3863 -71 -2649
-3863 -71 -2649
-3901 -31 -2692
-3901 -31 -2692
-3901 -31 -2692
-3901 -31 -2692
-3901 -31 -2692
-3901 -31 -2692
-3901 -31 -2692
-3901 -31 -2692
-3927 142 -2674
-3927 142 -2674
-3927 142 -2674
-3927 142 -2674
-3927 142 -2674
-3927 142 -2674
-3927 142 -2674
-3927 142 -2674
-3945 240 -2717
-3945 240 -2717
-3945 240 -2717
-3945 240 -2717
-3945 240 -2717
-3945 240 -2717
-3945 240 -2717
-3945 240 -2717
-4000 432 -2710
-4000 432 -2710
-4000 432 -2710
-4000 432 -2710
-4000 432 -2710
-4000 432 -2710
-4000 432 -2710
-4000 432 -2710
-4034 704 -2898
-4034 704 -2898
-4034 704 -2898
-4034 704 -2898
-4034 704 -2898
-4034 704 -2898
-4034 704 -2898
-4034 704 -2898
-4065 974 -3142
-4065 974 -3142
-4065 974 -3142
-4065 974 -3142
-4065 974 -3142
-4065 974 -3142
-4065 974 -3142
-4065 974 -3142
-4084 1210 -3307
-4084 1210 -3307
-4084 1210 -3307
-4084 1210 -3307
-4084 1210 -3307
-4084 1210 -3307
-4084 1210 -3307
-4084 1210 -3307
-4031 1436 -3595
-4031 1436 -3595
-4031 1436 -3595
-4031 1436 -3595
-4031 1436 -3595
-4031 1436 -3595
-4031 1436 -3595
-4031 1436 -3595
-3987 1578 -3832
-3987 1578 -3832
-3987 1578 -3832
-3987 1578 -3832
-3987 1578 -3832
-3987 1578 -3832
-3987 1578 -3832
-3987 1578 -3832
-3878 1706 -4130
-3878 1706 -4130
-3878 1706 -4130
-3878 1706 -4130
-3878 1706 -4130
-3878 1706 -4130
-3878 1706 -4130
-3878 1706 -4130
-3752 1732 -4522
-3752 1732 -4522
-3752 1732 -4522
-3752 1732 -4522
-3752 1732 -4522
-3752 1732 -4522
-3752 1732 -4522
-3752 1732 -4522
-3556 1648 -4887
-3556 1648 -4887
-3556 1648 -4887
-3556 1648 -4887
-3556 1648 -4887
-3556 1648 -4887
-3556 1648 -4887
-3556 1648 -4887
-3341 1381 -5241
-3341 1381 -5241
-3341 1381 -5241
-3341 1381 -5241
-3341 1381 -5241
-3341 1381 -5241
-3341 1381 -5241
-3341 1381 -5241
-3188 1079 -5450
-3188 1079 -5450
-3188 1079 -5450
-3188 1079 -5450
-3188 1079 -5450
-3188 1079 -5450
-3188 1079 -5450
-3188 1079 -5450
-3045 553 -5584
-3045 553 -5584
-3045 553 -5584
-3045 553 -5584
-3045 553 -5584
-3045 553 -5584
-3045 553 -5584
-3045 553 -5584
-2947 27 -5537
-2947 27 -5537
-2947 27 -5537
-2947 27 -5537
-2947 27 -5537
-2947 27 -5537
-2947 27 -5537
-2947 27 -5537
-2958 -482 -5245
-2958 -482 -5245
-2958 -482 -5245
-2958 -482 -5245
-2958 -482 -5245
-2958 -482 -5245
-2958 -482 -5245
-2958 -482 -5245
-3020 -852 -4875
-3020 -852 -4875
-3020 -852 -4875
-3020 -852 -4875
-3020 -852 -4875
-3020 -852 -4875
-3020 -852 -4875
-3020 -852 -4875
-3094 -1124 -4425
-3094 -1124 -4425
-3094 -1124 -4425
-3094 -1124 -4425
-3094 -1124 -4425
-3094 -1124 -4425
-3094 -1124 -4425
-3094 -1124 -4425
-3257 -1178 -4019
-3257 -1178 -4019
-3257 -1178 -4019
-3257 -1178 -4019
-3257 -1178 -4019
-3257 -1178 -4019
-3257 -1178 -4019
-3257 -1178 -4019
-3428 -1020 -3520
-3428 -1020 -3520
-3428 -1020 -3520
-3428 -1020 -3520
-3428 -1020 -3520
-3428 -1020 -3520
-3428 -1020 -3520
-3428 -1020 -3520
-3612 -707 -3009
-3612 -707 -3009
-3612 -707 -3009
-3612 -707 -3009
-3612 -707 -3009
-3612 -707 -3009
-3612 -707 -3009
-3612 -707 -3009
-3839 -229 -2673
-3839 -229 -2673
-3839 -229 -2673
-3839 -229 -2673
-3839 -229 -2673
-3839 -229 -2673
-3839 -229 -2673
-3839 -229 -2673
-3946 234 -2722
-3946 234 -2722
-3946 234 -2722
-3946 234 -2722
-3946 234 -2722
-3946 234 -2722
-3946 234 -2722
-4039 465 -3082
-4039 465 -3082
-4039 465 -3082
-4039 465 -3082
-4039 465 -3082
-4039 465 -3082
-4039 465 -3082
-4039 465 -3082
-3998 578 -3625
-3998 578 -3625
-3998 578 -3625
-3998 578 -3625
-3998 578 -3625
-3998 578 -3625
-3998 578 -3625
-3998 578 -3625
-3804 536 -4266
-3804 536 -4266
-3804 536 -4266
-3804 536 -4266
-3804 536 -4266
-3804 536 -4266
-3804 536 -4266
-3804 536 -4266
-3395 494 -5057
-3395 494 -5057
-3395 494 -5057
-3395 494 -5057
-3395 494 -5057
-3395 494 -5057
-3395 494 -5057
-3395 494 -5057
-2709 602 -5897
-2709 602 -5897
-2709 602 -5897
-2709 602 -5897
-2709 602 -5897
-2709 602 -5897
-2709 602 -5897
-2709 602 -5897
-1844 652 -6283
-1844 652 -6283
-1844 652 -6283
-1844 652 -6283
-1844 652 -6283
-1844 652 -6283
-1844 652 -6283
-1844 652 -6283
-1072 727 -6404
-1072 727 -6404
-1072 727 -6404
-1072 727 -6404
-1072 727 -6404
-1072 727 -6404
-1072 727 -6404
-1072 727 -6404
-420 845 -6352
-420 845 -6352
-420 845 -6352
-420 845 -6352
-420 845 -6352
-420 845 -6352
-420 845 -6352
-420 845 -6352
107 953 -6321
107 953 -6321
107 953 -6321
107 953 -6321
107 953 -6321
107 953 -6321
107 953 -6321
107 953 -6321
443 1119 -6213
443 1119 -6213
443 1119 -6213
443 1119 -6213
443 1119 -6213
443 1119 -6213
443 1119 -6213
443 1119 -6213
656 1402 -6071
656 1402 -6071
656 1402 -6071
656 1402 -6071
656 1402 -6071
656 1402 -6071
656 1402 -6071
656 1402 -6071
313 1646 -6157
313 1646 -6157
313 1646 -6157
313 1646 -6157
313 1646 -6157
313 1646 -6157
313 1646 -6157
313 1646 -6157
-104 1784 -6257
-104 1784 -6257
-104 1784 -6257
-104 1784 -6257
-104 1784 -6257
-104 1784 -6257
-104 1784 -6257
-104 1784 -6257
-826 1650 -6346
-826 1650 -6346
-826 1650 -6346
-826 1650 -6346
-826 1650 -6346
-826 1650 -6346
-826 1650 -6346
-826 1650 -6346
-1812 1082 -6287
-1812 1082 -6287
-1812 1082 -6287
-1812 1082 -6287
-1812 1082 -6287
-1812 1082 -6287
-1812 1082 -6287
-1812 1082 -6287
-2696 422 -5778
-2696 422 -5778
-2696 422 -5778
-2696 422 -5778
-2696 422 -5778
-2696 422 -5778
-2696 422 -5778
-2696 422 -5778
-3241 -279 -4981
-3241 -279 -4981
-3241 -279 -4981
-3241 -279 -4981
-3241 -279 -4981
-3241 -279 -4981
-3241 -279 -4981
-3241 -279 -4981
-3434 -735 -4150
-3434 -735 -4150
-3434 -735 -4150
-3434 -735 -4150
-3434 -735 -4150
-3434 -735 -4150
-3434 -735 -4150
-3434 -735 -4150
-3445 -967 -3347
-3445 -967 -3347
-3445 -967 -3347
-3445 -967 -3347
-3445 -967 -3347
-3445 -967 -3347
-3445 -967 -3347
-3445 -967 -3347
-3447 -1022 -2880
-3447 -1022 -2880
-3447 -1022 -2880
-3447 -1022 -2880
-3447 -1022 -2880
-3447 -1022 -2880
-3447 -1022 -2880
-3447 -1022 -2880
-3605 -775 -2721
-3605 -775 -2721
-3605 -775 -2721
-3605 -775 -2721
-3605 -775 -2721
-3605 -775 -2721
-3605 -775 -2721
-3605 -775 -2721
-3888 -261 -2788
-3888 -261 -2788
-3888 -261 -2788
-3888 -261 -2788
-3888 -261 -2788
-3888 -261 -2788
-3888 -261 -2788
-3888 -261 -2788
-4127 395 -3051
-4127 395 -3051
-4127 395 -3051
-4127 395 -3051
-4127 395 -3051
-4127 395 -3051
-4127 395 -3051
-4127 395 -3563
-4157 1110 -3386
-4157 1110 -3386
-4157 1110 -3386
-4157 1110 -3386
-4157 1110 -3386
-4157 1110 -3386
-4157 1110 -3386
-4010 2103 -3489
-4010 2103 -3489
-4010 2103 -3489
-4010 2103 -3489
-4010 2103 -3489
-4010 2103 -3489
-4010 2103 -3489
-4010 2103 -3489
-3479 3042 -3582
-3479 3042 -3582
-3479 3042 -3582
-3479 3042 -3582
-3479 3042 -3582
-3479 3042 -3582
-3479 3042 -3582
-3479 3042 -3582
-2681 3694 -3324
-2681 3694 -3324
-2681 3694 -3324
-2681 3694 -3324
-2681 3694 -3324
-2681 3694 -3324
-2681 3694 -3324
-2681 3694 -3324
-1761 4040 -2860
-1761 4040 -2860
-1761 4040 -2860
-1761 4040 -2860
-1761 4040 -2860
-1761 4040 -2860
-1761 4040 -2860
-1761 4040 -2860
-1161 4032 -2220
-1161 4032 -2220
-1161 4032 -2220
-1161 4032 -2220
-1161 4032 -2220
-1161 4032 -2220
-1161 4032 -2220
-1161 4032 -2220
-785 3965 -1943
-785 3965 -1943
-785 3965 -1943
-785 3965 -1943
-785 3965 -1943
-785 3965 -1943
-785 3965 -1943
-785 3965 -1943
-652 3941 -1822
-652 3941 -1822
-652 3941 -1822
-652 3941 -1822
-652 3941 -1822
-652 3941 -1822
-652 3941 -1822
-652 3941 -1822
-256 3952 -1961
-256 3952 -1961
-256 3952 -1961
-256 3952 -1961
-256 3952 -1961
-256 3952 -1961
-256 3952 -1961
-256 3952 -1961
-27 3892 -2072
-27 3892 -2072
-27 3892 -2072
-27 3892 -2072
-27 3892 -2072
-27 3892 -2072
-27 3892 -2072
-27 3892 -2072
146 3921 -2326
146 3921 -2326
146 3921 -2326
146 3921 -2326
146 3921 -2326
146 3921 -2326
146 3921 -2326
146 3921 -2326
301 3867 -2459
301 3867 -2459
301 3867 -2459
301 3867 -2459
301 3867 -2459
301 3867 -2459
301 3867 -2459
301 3867 -2459
405 3841 -2444
405 3841 -2444
405 3841 -2444
405 3841 -2444
405 3841 -2444
405 3841 -2444
405 3841 -2444
405 3841 -2444
882 3548 -2050
882 3548 -2050
882 3548 -2050
882 3548 -2050
882 3548 -2050
882 3548 -2050
882 3548 -2050
882 3548 -2050
913 3379 -1683
913 3379 -1683
913 3379 -1683
913 3379 -1683
913 3379 -1683
913 3379 -1683
913 3379 -1683
913 3379 -1683
-78 3668 -1397
-78 3668 -1397
-78 3668 -1397
-78 3668 -1397
-78 3668 -1397
-78 3668 -1397
-78 3668 -1397
-78 3668 -1397
415 3213 -1109
415 3213 -1109
415 3213 -1109
415 3213 -1109
415 3213 -1109
415 3213 -1109
415 3213 -1109
415 3213 -1109
810 2605 -653
810 2605 -653
810 2605 -653
810 2605 -653
810 2605 -653
810 2605 -653
810 2605 -653
810 2605 -653
1160 2035 -491
1160 2035 -491
1160 2035 -491
1160 2035 -491
1160 2035 -491
1160 2035 -491
1160 2035 -491
1160 2035 -491
1497 1198 -585
1497 1198 -585
1497 1198 -585
1497 1198 -585
1497 1198 -585
1497 1198 -585
1497 1198 -585
1497 1198 -585
1757 305 -738
1757 305 -738
1757 305 -738
1757 305 -738
1757 305 -738
1757 305 -738
1757 305 -738
1757 305 -738
1745 -453 -1062
1745 -453 -1062
1745 -453 -1062
1745 -453 -1062
1745 -453 -1062
1745 -453 -1062
1745 -453 -1062
1745 -453 -1062
1479 -985 -1188
1479 -985 -1188
1479 -985 -1188
1479 -985 -1188
1479 -985 -1188
1479 -985 -1188
1479 -985 -1188
1479 -985 -1188
1100 -1525 -1311
1100 -1525 -1311
1100 -1525 -1311
1100 -1525 -1311
1100 -1525 -1311
1100 -1525 -1311
1100 -1525 -1311
1100 -1525 -1311
448 -1906 -1331
448 -1906 -1331
448 -1906 -1331
448 -1906 -1331
448 -1906 -1331
448 -1906 -1331
448 -1906 -1331
448 -1906 -1331
-605 -2019 -1199
-605 -2019 -1199
-605 -2019 -1199
-605 -2019 -1199
-605 -2019 -1199
-605 -2019 -1199
-605 -2019 -1199
-605 -2019 -1199
-1610 -1731 -1102
-1610 -1731 -1102
-1610 -1731 -1102
-1610 -1731 -1102
-1610 -1731 -1102
-1610 -1731 -1102
-1610 -1731 -1102
-1610 -1731 -1102
-2224 -1437 -1240
-2224 -1437 -1240
-2224 -1437 -1240
-2224 -1437 -1240
-2224 -1437 -1240
-2224 -1437 -1240
-2224 -1437 -1240
-2224 -1437 -1240
-2656 -1175 -1452
-2656 -1175 -1452
-2656 -1175 -1452
-2656 -1175 -1452
-2656 -1175 -1452
-2656 -1175 -1452
-2656 -1175 -1452
-2656 -1175 -1452
-3039 -944 -1757
-3039 -944 -1757
-3039 -944 -1757
-3039 -944 -1757
-3039 -944 -1757
-3039 -944 -1757
-3039 -944 -1757
-3039 -944 -1757
-3384 -719 -2093
-3384 -719 -2093
-3384 -719 -2093
-3384 -719 -2093
-3384 -719 -2093
-3384 -719 -2093
-3384 -719 -2093
-3384 -719 -2093
-3576 -385 -2106
-3576 -385 -2106
-3576 -385 -2106
-3576 -385 -2106
-3576 -385 -2106
-3576 -385 -2106
-3576 -385 -2106
-3576 -385 -2106
-3677 -211 -2192
-3677 -211 -2192
-3677 -211 -2192
-3677 -211 -2192
-3677 -211 -2192
-3677 -211 -2192
-3677 -211 -2192
-3677 -211 -2258
-3750 -146 -2258
-3750 -146 -2258
-3750 -146 -2258
-3750 -146 -2258
-3750 -146 -2258
-3750 -146 -2258
-3750 -146 -2258
-3726 -158 -2329
-3726 -158 -2329
-3726 -158 -2329
-3726 -158 -2329
-3726 -158 -2329
-3726 -158 -2329
-3726 -158 -2329
-3726 -158 -2329
-3701 -144 -2288
-3701 -144 -2288
-3701 -144 -2288
-3701 -144 -2288
-3701 -144 -2288
-3701 -144 -2288
-3701 -144 -2288
-3701 -144 -2288
-3632 -220 -2170
-3632 -220 -2170
-3632 -220 -2170
-3632 -220 -2170
-3632 -220 -2170
-3632 -220 -2170
-3632 -220 -2170
-3632 -220 -2170
-3567 -315 -1970
-3567 -315 -1970
-3567 -315 -1970
-3567 -315 -1970
-3567 -315 -1970
-3567 -315 -1970
-3567 -315 -1970
-3567 -315 -1970
-3548 -285 -1921
-3548 -285 -1921
-3548 -285 -1921
-3548 -285 -1921
-3548 -285 -1921
-3548 -285 -1921
-3548 -285 -1921
-3548 -285 -1921
-3388 -522 -1890
-3388 -522 -1890
-3388 -522 -1890
-3388 -522 -1890
-3388 -522 -1890
-3388 -522 -1890
-3388 -522 -1890
-3388 -522 -1890
-3376 -731 -1978
-3376 -731 -1978
-3376 -731 -1978
-3376 -731 -1978
-3376 -731 -1978
-3376 -731 -1978
-3376 -731 -1978
-3376 -731 -1978
-3364 -760 -2094
-3364 -760 -2094
-3364 -760 -2094
-3364 -760 -2094
-3364 -760 -2094
-3364 -760 -2094
-3364 -760 -2094
-3364 -760 -2094
-3512 -607 -2178
-3512 -607 -2178
-3512 -607 -2178
-3512 -607 -2178
-3512 -607 -2178
-3512 -607 -2178
-3512 -607 -2178
-3512 -607 -2178
-3718 -221 -2156
-3718 -221 -2156
-3718 -221 -2156
-3718 -221 -2156
-3718 -221 -2156
-3718 -221 -2156
-3718 -221 -2156
-3718 -221 -2156
-3868 28 -2381
-3868 28 -2381
-3868 28 -2381
-3868 28 -2381
-3868 28 -2381
-3868 28 -2381
-3868 28 -2381
-3868 28 -2381
-4038 455 -2449
-4038 455 -2449
-4038 455 -2449
-4038 455 -2449
-4038 455 -2449
-4038 455 -2449
-4038 455 -2449
-4038 455 -2449
-4048 563 -2616
-4048 563 -2616
-4048 563 -2616
-4048 563 -2616
-4048 563 -2616
-4048 563 -2616
-4048 563 -2616
-4048 563 -2616
-4063 472 -2895
-4063 472 -2895
-4063 472 -2895
-4063 472 -2895
-4063 472 -2895
-4063 472 -2895
-4063 472 -2895
-4063 472 -2895
-4053 635 -3025
-4053 635 -3025
-4053 635 -3025
-4053 635 -3025
-4053 635 -3025
-4053 635 -3025
-4053 635 -3025
-4053 635 -3025
-4084 994 -3184
-4084 994 -3184
-4084 994 -3184
-4084 994 -3184
-4084 994 -3184
-4084 994 -3184
-4084 994 -3184
-4084 994 -3184
-4089 1337 -3492
-4089 1337 -3492
-4089 1337 -3492
-4089 1337 -3492
-4089 1337 -3492
-4089 1337 -3492
-4089 1337 -3492
-4089 1337 -3492
-3944 1758 -3791
-3944 1758 -3791
-3944 1758 -3791
-3944 1758 -3791
-3944 1758 -3791
-3944 1758 -3791
-3944 1758 -3791
-3944 1758 -3791
-3755 2221 -4014
-3755 2221 -4014
-3755 2221 -4014
-3755 2221 -4014
-3755 2221 -4014
-3755 2221 -4014
-3755 2221 -4014
-3755 2221 -4014
-3410 2648 -4430
-3410 2648 -4430
-3410 2648 -4430
-3410 2648 -4430
-3410 2648 -4430
-3410 2648 -4430
-3410 2648 -4430
-3410 2648 -4430
-2788 3049 -4818
-2788 3049 -4818
-2788 3049 -4818
-2788 3049 -4818
-2788 3049 -4818
-2788 3049 -4818
-2788 3049 -4818
-2788 3049 -4818
-1761 3357 -5042
-1761 3357 -5042
-1761 3357 -5042
-1761 3357 -5042
-1761 3357 -5042
-1761 3357 -5042
-1761 3357 -5042
-1761 3357 -5042
-891 3402 -5219
-891 3402 -5219
-891 3402 -5219
-891 3402 -5219
-891 3402 -5219
-891 3402 -5219
-891 3402 -5219
-891 3402 -5219
-67 3331 -5121
-67 3331 -5121
-67 3331 -5121
-67 3331 -5121
-67 3331 -5121
-67 3331 -5121
-67 3331 -5121
-67 3331 -5121
888 2914 -4950
888 2914 -4950
888 2914 -4950
888 2914 -4950
888 2914 -4950
888 2914 -4950
888 2914 -4950
888 2914 -4950
1170 2982 -4636
1170 2982 -4636
1170 2982 -4636
1170 2982 -4636
1170 2982 -4636
1170 2982 -4636
1170 2982 -4636
1170 2982 -4636
1737 2614 -4226
1737 2614 -4226
1737 2614 -4226
1737 2614 -4226
1737 2614 -4226
1737 2614 -4226
1737 2614 -4226
2249 2242 -3762
2087 2242 -3762
2087 2242 -3762
2087 2242 -3762
2087 2242 -3762
2087 2242 -3762
2087 2242 -3762
2087 2242 -3762
2408 1819 -2975
2408 1819 -2975
2408 1819 -2975
2408 1819 -2975
2408 1819 -2975
2408 1819 -2975
2408 1819 -2975
2408 1819 -2975
2476 1495 -2540
2476 1495 -2540
2476 1495 -2540
2476 1495 -2540
2476 1495 -2540
2476 1495 -2540
2476 1495 -2540
2476 1495 -2540
2423 1223 -1964
2423 1223 -1964
2423 1223 -1964
2423 1223 -1964
2423 1223 -1964
2423 1223 -1964
2423 1223 -1964
2423 1223 -1964
2341 1123 -1617
2341 1123 -1617
2341 1123 -1617
2341 1123 -1617
2341 1123 -1617
2341 1123 -1617
2341 1123 -1617
2341 1123 -1617
2196 1144 -1508
2196 1144 -1508
2196 1144 -1508
2196 1144 -1508
2196 1144 -1508
2196 1144 -1508
2196 1144 -1508
2196 1144 -1508
2207 1133 -1393
2207 1133 -1393
2207 1133 -1393
2207 1133 -1393
2207 1133 -1393
2207 1133 -1393
2207 1133 -1393
2207 1133 -1393
2137 1247 -1334
2137 1247 -1334
2137 1247 -1334
2137 1247 -1334
2137 1247 -1334
2137 1247 -1334
2137 1247 -1334
2137 1247 -1334
1983 1581 -1267
1983 1581 -1267
1983 1581 -1267
1983 1581 -1267
1983 1581 -1267
1983 1581 -1267
1983 1581 -1267
1983 1581 -1267
1694 2119 -1122
1694 2119 -1122
1694 2119 -1122
1694 2119 -1122
1694 2119 -1122
1694 2119 -1122
1694 2119 -1122
1694 2119 -1122
1294 2683 -1234
1294 2683 -1234
1294 2683 -1234
1294 2683 -1234
1294 2683 -1234
1294 2683 -1234
1294 2683 -1234
1294 2683 -1234
556 3348 -1451
556 3348 -1451
556 3348 -1451
556 3348 -1451
556 3348 -1451
556 3348 -1451
556 3348 -1451
556 3348 -1451
-583 3918 -1895
-583 3918 -1895
-583 3918 -1895
-583 3918 -1895
-583 3918 -1895
-583 3918 -1895
-583 3918 -1895
-583 3918 -1895
-1787 3984 -2646
-1787 3984 -2646
-1787 3984 -2646
-1787 3984 -2646
-1787 3984 -2646
-1787 3984 -2646
-1787 3984 -2646
-1787 3984 -2646
-2808 3560 -3255
-2808 3560 -3255
-2808 3560 -3255
-2808 3560 -3255
-2808 3560 -3255
-2808 3560 -3255
-2808 3560 -3255
-2808 3560 -3255
-3431 2790 -3769
-3431 2790 -3769
-3431 2790 -3769
-3431 2790 -3769
-3431 2790 -3769
-3431 2790 -3769
-3431 2790 -3769
-3431 2790 -3769
-3743 1660 -4449
-3743 1660 -4449
-3743 1660 -4449
-3743 1660 -4449
-3743 1660 -4449
-3743 1660 -4449
-3743 1660 -4449
-3743 1660 -4449
-3563 622 -4852
-3563 622 -4852
-3563 622 -4852
-3563 622 -4852
-3563 622 -4852
-3563 622 -4852
-3563 622 -4852
-3563 622 -4852
-3157 -326 -5040
-3157 -326 -5040
-3157 -326 -5040
-3157 -326 -5040
-3157 -326 -5040
-3157 -326 -5040
-3157 -326 -5040
-3157 -326 -5040
-2697 -1106 -4796
-2697 -1106 -4796
-2697 -1106 -4796
-2697 -1106 -4796
-2697 -1106 -4796
-2697 -1106 -4796
-2697 -1106 -4796
-2697 -1106 -4796
-2114 -1798 -4424
-2114 -1798 -4424
-2114 -1798 -4424
-2114 -1798 -4424
-2114 -1798 -4424
-2114 -1798 -4424
-2114 -1798 -4424
-2114 -1798 -4424
-1352 -2240 -3938
-1352 -2240 -3938
-1352 -2240 -3938
-1352 -2240 -3938
-1352 -2240 -3938
-1352 -2240 -3938
-1352 -2240 -3938
-1352 -2240 -3938
-697 -2455 -3486
-697 -2455 -3486
-697 -2455 -3486
-697 -2455 -3486
-697 -2455 -3486
-697 -2455 -3486
-697 -2455 -3486
-697 -2455 -3486
-58 -2461 -3087
-58 -2461 -3087
-58 -2461 -3087
-58 -2461 -3087
-58 -2461 -3087
-58 -2461 -3087
-58 -2461 -3087
-58 -2461 -3087
629 -2312 -2650
629 -2312 -2650
629 -2312 -2650
629 -2312 -2650
629 -2312 -2650
629 -2312 -2650
629 -2312 -2650
629 -2312 -2650
1037 -2097 -2455
1037 -2097 -2455
1037 -2097 -2455
1037 -2097 -2455
1037 -2097 -2455
1037 -2097 -2455
1037 -2097 -2455
1037 -2097 -2455
1211 -1759 -3062
1211 -1759 -3062
1211 -1759 -3062
1211 -1759 -3062
1211 -1759 -3062
1211 -1759 -3062
1211 -1759 -3062
1211 -1759 -3062
1518 -1465 -3178
1518 -1465 -3178
1518 -1465 -3178
1518 -1465 -3178
1518 -1465 -3178
1518 -1465 -3178
1518 -1465 -3178
1518 -1465 -3178
1910 -1224 -2970
1910 -1224 -2970
1910 -1224 -2970
1910 -1224 -2970
1910 -1224 -2970
1910 -1224 -2970
1910 -1224 -2970
1910 -1224 -2970
2184 -856 -2853
2184 -856 -2853
2184 -856 -2853
2184 -856 -2853
2184 -856 -2853
2184 -856 -2853
2184 -856 -2853
2440 -629 -2846
2330 -629 -2846
2330 -629 -2846
2330 -629 -2846
2330 -629 -2846
2330 -629 -2846
2330 -629 -2846
2330 -629 -2846
2469 -326 -2659
2469 -326 -2659
2469 -326 -2659
2469 -326 -2659
2469 -326 -2659
2469 -326 -2659
2469 -326 -2659
2469 -326 -2659
2462 7 -2249
2462 7 -2249
2462 7 -2249
2462 7 -2249
2462 7 -2249
2462 7 -2249
2462 7 -2249
2462 7 -2249
2488 329 -2064
2488 329 -2064
2488 329 -2064
2488 329 -2064
2488 329 -2064
2488 329 -2064
2488 329 -2064
2488 329 -2064
2388 722 -1671
2388 722 -1671
2388 722 -1671
2388 722 -1671
2388 722 -1671
2388 722 -1671
2388 722 -1671
2388 722 -1671
2225 1551 -1563
2225 1551 -1563
2225 1551 -1563
2225 1551 -1563
2225 1551 -1563
2225 1551 -1563
2225 1551 -1563
2225 1551 -1563
1968 2402 -1852
1968 2402 -1852
1968 2402 -1852
1968 2402 -1852
1968 2402 -1852
1968 2402 -1852
1968 2402 -1852
1968 2402 -1852
1320 3313 -2253
1320 3313 -2253
1320 3313 -2253
1320 3313 -2253
1320 3313 -2253
1320 3313 -2253
1320 3313 -2253
1320 3313 -2253
365 3921 -2767
365 3921 -2767
365 3921 -2767
365 3921 -2767
365 3921 -2767
365 3921 -2767
365 3921 -2767
365 3921 -2767
-867 4159 -3374
-867 4159 -3374
-867 4159 -3374
-867 4159 -3374
-867 4159 -3374
-867 4159 -3374
-867 4159 -3374
-867 4159 -3374
-2015 4003 -3799
-2015 4003 -3799
-2015 4003 -3799
-2015 4003 -3799
-2015 4003 -3799
-2015 4003 -3799
-2015 4003 -3799
-2015 4003 -3799
-3016 3395 -4007
-3016 3395 -4007
-3016 3395 -4007
-3016 3395 -4007
-3016 3395 -4007
-3016 3395 -4007
-3016 3395 -4007
-3016 3395 -4007
-3719 2474 -4041
-3719 2474 -4041
-3719 2474 -4041
-3719 2474 -4041
-3719 2474 -4041
-3719 2474 -4041
-3719 2474 -4041
-3719 2474 -4041
-4077 1289 -3928
-4077 1289 -3928
-4077 1289 -3928
-4077 1289 -3928
-4077 1289 -3928
-4077 1289 -3928
-4077 1289 -3928
-4077 1289 -3928
-4062 274 -3746
-4062 274 -3746
-4062 274 -3746
-4062 274 -3746
-4062 274 -3746
-4062 274 -3746
-4062 274 -3746
-4062 274 -3746
-3941 -175 -3281
-3941 -175 -3281
-3941 -175 -3281
-3941 -175 -3281
-3941 -175 -3281
-3941 -175 -3281
-3941 -175 -3281
-3941 -175 -3281
-3933 -243 -2884
-3933 -243 -2884
-3933 -243 -2884
-3933 -243 -2884
-3933 -243 -2884
-3933 -243 -2884
-3933 -243 -2884
-3933 -243 -2884
-3933 -97 -2810
-3933 -97 -2810
-3933 -97 -2810
-3933 -97 -2810
-3933 -97 -2810
-3933 -97 -2810
-3933 -97 -2810
-3933 -97 -2810
-3953 -25 -2828
-3953 -25 -2828
-3953 -25 -2828
-3953 -25 -2828
-3953 -25 -2828
-3953 -25 -2828
-3953 -25 -2828
-3953 -25 -2828
-4015 50 -2892
-4015 50 -2892
-4015 50 -2892
-4015 50 -2892
-4015 50 -2892
-4015 50 -2892
-4015 50 -2892
-4015 50 -2892
-4077 187 -3244
-4077 187 -3244
-4077 187 -3244
-4077 187 -3244
-4077 187 -3244
-4077 187 -3244
-4077 187 -3244
-4077 187 -3244
-4055 380 -3777
-4055 380 -3777
-4055 380 -3777
-4055 380 -3777
-4055 380 -3777
-4055 380 -3777
-4055 380 -3777
-4055 380 -3777
-3943 770 -4456
-3943 770 -4456
-3943 770 -4456
-3943 770 -4456
-3943 770 -4456
-3943 770 -4456
-3943 770 -4456
-3943 770 -4456
-3486 1455 -5149
-3486 1455 -5149
-3486 1455 -5149
-3486 1455 -5149
-3486 1455 -5149
-3486 1455 -5149
-3486 1455 -5149
-3486 1455 -5149
-2865 2219 -5424
-2865 2219 -5424
-2865 2219 -5424
-2865 2219 -5424
-2865 2219 -5424
-2865 2219 -5424
-2865 2219 -5424
-2865 2219 -5424
-2354 2878 -5267
-2354 2878 -5267
-2354 2878 -5267
-2354 2878 -5267
-2354 2878 -5267
-2354 2878 -5267
-2354 2878 -5267
-2354 2878 -5267
-1984 3372 -4979
-1984 3372 -4979
-1984 3372 -4979
-1984 3372 -4979
-1984 3372 -4979
-1984 3372 -4979
-1984 3372 -4979
-1984 3372 -4979
-1804 3668 -4651
-1804 3668 -4651
-1804 3668 -4651
-1804 3668 -4651
-1804 3668 -4651
-1804 3668 -4651
-1804 3668 -4651
-1804 3668 -4651
-1655 3918 -4070
-1655 3918 -4070
-1655 3918 -4070
-1655 3918 -4070
-1655 3918 -4070
-1655 3918 -4070
-1655 3918 -4070
-1655 3918 -4070
-1791 3979 -3560
-1791 3979 -3560
-1791 3979 -3560
-1791 3979 -3560
-1791 3979 -3560
-1791 3979 -3560
-1791 3979 -3560
-1791 3979 -3188
-2077 3905 -3188
-2077 3905 -3188
-2077 3905 -3188
-2077 3905 -3188
-2077 3905 -3188
-2077 3905 -3188
-2077 3905 -3188
-2385 3798 -2935
-2385 3798 -2935
-2385 3798 -2935
-2385 3798 -2935
-2385 3798 -2935
-2385 3798 -2935
-2385 3798 -2935
-2385 3798 -2935
-2416 3647 -3210
-2416 3647 -3210
-2416 3647 -3210
-2416 3647 -3210
-2416 3647 -3210
-2416 3647 -3210
-2416 3647 -3210
-2416 3647 -3210
-2497 3681 -3469
-2497 3681 -3469
-2497 3681 -3469
-2497 3681 -3469
-2497 3681 -3469
-2497 3681 -3469
-2497 3681 -3469
-2497 3681 -3469
-2157 3872 -3667
-2157 3872 -3667
-2157 3872 -3667
-2157 3872 -3667
-2157 3872 -3667
-2157 3872 -3667
-2157 3872 -3667
-2157 3872 -3667
-1426 3997 -4000
-1426 3997 -4000
-1426 3997 -4000
-1426 3997 -4000
-1426 3997 -4000
-1426 3997 -4000
-1426 3997 -4000
-1426 3997 -4000
-435 3793 -4395
-435 3793 -4395
-435 3793 -4395
-435 3793 -4395
-435 3793 -4395
-435 3793 -4395
-435 3793 -4395
-435 3793 -4395
655 3311 -4605
655 3311 -4605
655 3311 -4605
655 3311 -4605
655 3311 -4605
655 3311 -4605
655 3311 -4605
655 3311 -4605
1555 2594 -4586
1555 2594 -4586
1555 2594 -4586
1555 2594 -4586
1555 2594 -4586
1555 2594 -4586
1555 2594 -4586
1555 2594 -4586
2179 1733 -4410
2179 1733 -4410
2179 1733 -4410
2179 1733 -4410
2179 1733 -4410
2179 1733 -4410
2179 1733 -4410
2179 1733 -4410
2302 563 -4368
2302 563 -4368
2302 563 -4368
2302 563 -4368
2302 563 -4368
2302 563 -4368
2302 563 -4368
2302 563 -4368
1807 -359 -4837
1807 -359 -4837
1807 -359 -4837
1807 -359 -4837
1807 -359 -4837
1807 -359 -4837
1807 -359 -4837
1807 -359 -4837
1109 -1068 -5013
1109 -1068 -5013
1109 -1068 -5013
1109 -1068 -5013
1109 -1068 -5013
1109 -1068 -5013
1109 -1068 -5013
1109 -1068 -5013
77 -1518 -5262
77 -1518 -5262
77 -1518 -5262
77 -1518 -5262
77 -1518 -5262
77 -1518 -5262
77 -1518 -5262
77 -1518 -5262
-1095 -1510 -5277
-1095 -1510 -5277
-1095 -1510 -5277
-1095 -1510 -5277
-1095 -1510 -5277
-1095 -1510 -5277
-1095 -1510 -5277
-1095 -1510 -5277
-2220 -1127 -5156
-2220 -1127 -5156
-2220 -1127 -5156
-2220 -1127 -5156
-2220 -1127 -5156
-2220 -1127 -5156
-2220 -1127 -5156
-2220 -1127 -5156
-3306 -330 -4778
-3306 -330 -4778
-3306 -330 -4778
-3306 -330 -4778
-3306 -330 -4778
-3306 -330 -4778
-3306 -330 -4778
-3306 -330 -4778
-3978 770 -3988
-3978 770 -3988
-3978 770 -3988
-3978 770 -3988
-3978 770 -3988
-3978 770 -3988
-3978 770 -3988
-3978 770 -3988
-4061 1455 -2821
-4061 1455 -2821
-4061 1455 -2821
-4061 1455 -2821
-4061 1455 -2821
-4061 1455 -2821
-4061 1455 -2821
-4061 1455 -2821
-3820 1814 -1993
-3820 1814 -1993
-3820 1814 -1993
-3820 1814 -1993
-3820 1814 -1993
-3820 1814 -1993
-3820 1814 -1993
-3820 1814 -1993
-3566 1831 -1457
-3566 1831 -1457
-3566 1831 -1457
-3566 1831 -1457
-3566 1831 -1457
-3566 1831 -1457
-3566 1831 -1457
-3566 1831 -1457
-3600 1618 -1448
-3600 1618 -1448
-3600 1618 -1448
-3600 1618 -1448
-3600 1618 -1448
-3600 1618 -1448
-3600 1618 -1448
-3600 1618 -1448
-3863 1351 -1929
-3863 1351 -1929
-3863 1351 -1929
-3863 1351 -1929
-3863 1351 -1929
-3863 1351 -1929
-3863 1351 -1929
-3863 1351 -1929
-4185 1228 -2784
-4185 1228 -2784
-4185 1228 -2784
-4185 1228 -2784
-4185 1228 -2784
-4185 1228 -2784
-4185 1228 -2784
-4185 1228 -2784
-4144 1389 -3712
-4144 1389 -3712
-4144 1389 -3712
-4144 1389 -3712
-4144 1389 -3712
-4144 1389 -3712
-4144 1389 -3712
-4144 1389 -3712
-3879 1747 -4480
-3879 1747 -4480
-3879 1747 -4480
-3879 1747 -4480
-3879 1747 -4480
-3879 1747 -4480
-3879 1747 -4480
-3879 1747 -4480
-3540 2064 -4962
-3540 2064 -4962
-3540 2064 -4962
-3540 2064 -4962
-3540 2064 -4962
-3540 2064 -4962
-3540 2064 -4962
-3540 2064 -4962
-3298 2306 -5073
-3298 2306 -5073
-3298 2306 -5073
-3298 2306 -5073
-3298 2306 -5073
-3298 2306 -5073
-3298 2306 -5073
-3298 2306 -5073
-3143 2368 -5209
-3143 2368 -5209
-3143 2368 -5209
-3143 2368 -5209
-3143 2368 -5209
-3143 2368 -5209
-3143 2368 -5209
-3143 2196 -5244
-3182 2196 -5244
-3182 2196 -5244
-3182 2196 -5244
-3182 2196 -5244
-3182 2196 -5244
-3182 2196 -5244
-3182 2196 -5244
-3306 1867 -5239
-3306 1867 -5239
-3306 1867 -5239
-3306 1867 -5239
-3306 1867 -5239
-3306 1867 -5239
-3306 1867 -5239
-3306 1867 -5239
-3543 1337 -5109
-3543 1337 -5109
-3543 1337 -5109
-3543 1337 -5109
-3543 1337 -5109
-3543 1337 -5109
-3543 1337 -5109
-3543 1337 -5109
-3816 730 -4725
-3816 730 -4725
-3816 730 -4725
-3816 730 -4725
-3816 730 -4725
-3816 730 -4725
-3816 730 -4725
-3816 730 -4725
-4013 208 -3946
-4013 208 -3946
-4013 208 -3946
-4013 208 -3946
-4013 208 -3946
-4013 208 -3946
-4013 208 -3946
-4013 208 -3946
-3963 -246 -2881
-3963 -246 -2881
-3963 -246 -2881
-3963 -246 -2881
-3963 -246 -2881
-3963 -246 -2881
-3963 -246 -2881
-3963 -246 -2881
-3625 -117 -1575
-3625 -117 -1575
-3625 -117 -1575
-3625 -117 -1575
-3625 -117 -1575
-3625 -117 -1575
-3625 -117 -1575
-3625 -117 -1575
-3018 37 -774
-3018 37 -774
-3018 37 -774
-3018 37 -774
-3018 37 -774
-3018 37 -774
-3018 37 -774
-3018 37 -774
-2347 26 -302
-2347 26 -302
-2347 26 -302
-2347 26 -302
-2347 26 -302
-2347 26 -302
-2347 26 -302
-2347 26 -302
-1750 45 32
-1750 45 32
-1750 45 32
-1750 45 32
-1750 45 32
-1750 45 32
-1750 45 32
-1750 45 32
-1316 72 169
-1316 72 169
-1316 72 169
-1316 72 169
-1316 72 169
-1316 72 169
-1316 72 169
-1316 72 169
-1051 95 155
-1051 95 155
-1051 95 155
-1051 95 155
-1051 95 155
-1051 95 155
-1051 95 155
-1051 95 155
-1336 -7 66
-1336 -7 66
-1336 -7 66
-1336 -7 66
-1336 -7 66
-1336 -7 66
-1336 -7 66
-1336 -7 66
-2153 7 -257
-2153 7 -257
-2153 7 -257
-2153 7 -257
-2153 7 -257
-2153 7 -257
-2153 7 -257
-2153 7 -257
-3181 290 -923
-3181 290 -923
-3181 290 -923
-3181 290 -923
-3181 290 -923
-3181 290 -923
-3181 290 -923
-3181 290 -923
-4007 608 -2341
-4007 608 -2341
-4007 608 -2341
-4007 608 -2341
-4007 608 -2341
-4007 608 -2341
-4007 608 -2341
-4007 608 -2341
-4047 910 -4000
-4047 910 -4000
-4047 910 -4000
-4047 910 -4000
-4047 910 -4000
-4047 910 -4000
-4047 910 -4000
-4047 910 -4000
-3355 1238 -5326
-3355 1238 -5326
-3355 1238 -5326
-3355 1238 -5326
-3355 1238 -5326
-3355 1238 -5326
-3355 1238 -5326
-3355 1238 -5326
-2254 1334 -6196
-2254 1334 -6196
-2254 1334 -6196
-2254 1334 -6196
-2254 1334 -6196
-2254 1334 -6196
-2254 1334 -6196
-2254 1334 -6196
-1432 1326 -6363
-1432 1326 -6363
-1432 1326 -6363
-1432 1326 -6363
-1432 1326 -6363
-1432 1326 -6363
-1432 1326 -6363
-1432 1326 -6363
-1110 1370 -6363
-1110 1370 -6363
-1110 1370 -6363
-1110 1370 -6363
-1110 1370 -6363
-1110 1370 -6363
-1110 1370 -6363
-1110 1370 -6363
-371 1386 -6318
-371 1386 -6318
-371 1386 -6318
-371 1386 -6318
-371 1386 -6318
-371 1386 -6318
-371 1386 -6318
-371 1386 -6318
383 1483 -6115
383 1483 -6115
383 1483 -6115
383 1483 -6115
383 1483 -6115
383 1483 -6115
383 1483 -6115
895 1647 -5848
852 1647 -5848
852 1647 -5848
852 1647 -5848
852 1647 -5848
852 1647 -5848
852 1647 -5848
852 1647 -5848
1667 1631 -5205
1667 1631 -5205
1667 1631 -5205
1667 1631 -5205
1667 1631 -5205
1667 1631 -5205
1667 1631 -5205
1667 1631 -5205
2194 1649 -4354
2194 1649 -4354
2194 1649 -4354
2194 1649 -4354
2194 1649 -4354
2194 1649 -4354
2194 1649 -4354
2194 1649 -4354
2448 1718 -3537
2448 1718 -3537
2448 1718 -3537
2448 1718 -3537
2448 1718 -3537
2448 1718 -3537
2448 1718 -3537
2448 1718 -3537
2516 1562 -2476
2516 1562 -2476
2516 1562 -2476
2516 1562 -2476
2516 1562 -2476
2516 1562 -2476
2516 1562 -2476
2516 1562 -2476
2381 1421 -1777
2381 1421 -1777
2381 1421 -1777
2381 1421 -1777
2381 1421 -1777
2381 1421 -1777
2381 1421 -1777
2381 1421 -1777
2055 1219 -1163
2055 1219 -1163
2055 1219 -1163
2055 1219 -1163
2055 1219 -1163
2055 1219 -1163
2055 1219 -1163
2055 1219 -1163
1654 1001 -650
1654 1001 -650
1654 1001 -650
1654 1001 -650
1654 1001 -650
1654 1001 -650
1654 1001 -650
1654 1001 -650
1220 926 -282
1220 926 -282
1220 926 -282
1220 926 -282
1220 926 -282
1220 926 -282
1220 926 -282
1220 926 -282
1038 894 -159
1038 894 -159
1038 894 -159
1038 894 -159
1038 894 -159
1038 894 -159
1038 894 -159
1038 894 -159
1132 1072 -259
1132 1072 -259
1132 1072 -259
1132 1072 -259
1132 1072 -259
1132 1072 -259
1132 1072 -259
1132 1072 -259
1425 1404 -473
1425 1404 -473
1425 1404 -473
1425 1404 -473
1425 1404 -473
1425 1404 -473
1425 1404 -473
1425 1404 -473
1806 1879 -1069
1806 1879 -1069
1806 1879 -1069
1806 1879 -1069
1806 1879 -1069
1806 1879 -1069
1806 1879 -1069
1806 1879 -1069
2034 2370 -2076
2034 2370 -2076
2034 2370 -2076
2034 2370 -2076
2034 2370 -2076
2034 2370 -2076
2034 2370 -2076
2034 2370 -2076
1964 2706 -3185
1964 2706 -3185
1964 2706 -3185
1964 2706 -3185
1964 2706 -3185
1964 2706 -3185
1964 2706 -3185
1964 2706 -3185
1605 2763 -4413
1605 2763 -4413
1605 2763 -4413
1605 2763 -4413
1605 2763 -4413
1605 2763 -4413
1605 2763 -4413
1605 2763 -4413
1076 2384 -5458
1076 2384 -5458
1076 2384 -5458
1076 2384 -5458
1076 2384 -5458
1076 2384 -5458
1076 2384 -5458
1076 2384 -5458
426 1691 -6134
426 1691 -6134
426 1691 -6134
426 1691 -6134
426 1691 -6134
426 1691 -6134
426 1691 -6134
426 1691 -6134
-174 650 -6376
-174 650 -6376
-174 650 -6376
-174 650 -6376
-174 650 -6376
-174 650 -6376
-174 650 -6376
-174 650 -6376
-515 -542 -6212
-515 -542 -6212
-515 -542 -6212
-515 -542 -6212
-515 -542 -6212
-515 -542 -6212
-515 -542 -6212
-515 -542 -6212
-1371 -1459 -5399
-1371 -1459 -5399
-1371 -1459 -5399
-1371 -1459 -5399
-1371 -1459 -5399
-1371 -1459 -5399
-1371 -1459 -5399
-1371 -1459 -5399
-2051 -2041 -4012
-2051 -2041 -4012
-2051 -2041 -4012
-2051 -2041 -4012
-2051 -2041 -4012
-2051 -2041 -4012
-2051 -2041 -4012
-2051 -2041 -4012
-2462 -1932 -2768
-2462 -1932 -2768
-2462 -1932 -2768
-2462 -1932 -2768
-2462 -1932 -2768
-2462 -1932 -2768
-2462 -1932 -2768
-2462 -1932 -2768
-2617 -1463 -1656
-2617 -1463 -1656
-2617 -1463 -1656
-2617 -1463 -1656
-2617 -1463 -1656
-2617 -1463 -1656
-2617 -1463 -1656
-2617 -1463 -1656
-2726 -848 -1037
-2726 -848 -1037
-2726 -848 -1037
-2726 -848 -1037
-2726 -848 -1037
-2726 -848 -1037
-2726 -848 -1037
-2726 -848 -1037
-2995 92 -783
-2995 92 -783
-2995 92 -783
-2995 92 -783
-2995 92 -783
-2995 92 -783
-2995 92 -783
-2995 92 -783
-3142 863 -749
-3142 863 -749
-3142 863 -749
-3142 863 -749
-3142 863 -749
-3142 863 -749
-3142 863 -749
-3142 863 -749
-3296 1597 -989
-3296 1597 -989
-3296 1597 -989
-3296 1597 -989
-3296 1597 -989
-3296 1597 -989
-3296 1597 -989
-3296 1597 -989
-3369 2233 -1406
-3369 2233 -1406
-3369 2233 -1406
-3369 2233 -1406
-3369 2233 -1406
-3369 2233 -1406
-3369 2233 -1406
-3369 2233 -1406
-3478 2547 -1779
-3478 2547 -1779
-3478 2547 -1779
-3478 2547 -1779
-3478 2547 -1779
-3478 2547 -1779
-3478 2547 -1779
-3478 2676 -2227
-3522 2676 -2227
-3522 2676 -2227
-3522 2676 -2227
-3522 2676 -2227
-3522 2676 -2227
-3522 2676 -2227
-3522 2676 -2227
-3632 2825 -2614
-3632 2825 -2614
-3632 2825 -2614
-3632 2825 -2614
-3632 2825 -2614
-3632 2825 -2614
-3632 2825 -2614
-3632 2825 -2614
-3678 2894 -3040
-3678 2894 -3040
-3678 2894 -3040
-3678 2894 -3040
-3678 2894 -3040
-3678 2894 -3040
-3678 2894 -3040
-3678 2894 -3040
-3611 2966 -3622
-3611 2966 -3622
-3611 2966 -3622
-3611 2966 -3622
-3611 2966 -3622
-3611 2966 -3622
-3611 2966 -3622
-3611 2966 -3622
-3409 3138 -4050
-3409 3138 -4050
-3409 3138 -4050
-3409 3138 -4050
-3409 3138 -4050
-3409 3138 -4050
-3409 3138 -4050
-3409 3138 -4050
-2987 3293 -4465
-2987 3293 -4465
-2987 3293 -4465
-2987 3293 -4465
-2987 3293 -4465
-2987 3293 -4465
-2987 3293 -4465
-2987 3293 -4465
-2647 3457 -4602
-2647 3457 -4602
-2647 3457 -4602
-2647 3457 -4602
-2647 3457 -4602
-2647 3457 -4602
-2647 3457 -4602
-2647 3457 -4602
-2241 3564 -4676
-2241 3564 -4676
-2241 3564 -4676
-2241 3564 -4676
-2241 3564 -4676
-2241 3564 -4676
-2241 3564 -4676
-2241 3564 -4676
-1786 3703 -4685
-1786 3703 -4685
-1786 3703 -4685
-1786 3703 -4685
-1786 3703 -4685
-1786 3703 -4685
-1786 3703 -4685
-1786 3703 -4685
-1466 3889 -4343
-1466 3889 -4343
-1466 3889 -4343
-1466 3889 -4343
-1466 3889 -4343
-1466 3889 -4343
-1466 3889 -4343
-1466 3889 -4343
-1341 4024 -3965
-1341 4024 -3965
-1341 4024 -3965
-1341 4024 -3965
-1341 4024 -3965
-1341 4024 -3965
-1341 4024 -3965
-1341 4024 -3965
-1406 4090 -3543
-1406 4090 -3543
-1406 4090 -3543
-1406 4090 -3543
-1406 4090 -3543
-1406 4090 -3543
-1406 4090 -3543
-1406 4090 -3543
-1738 4027 -3127
-1738 4027 -3127
-1738 4027 -3127
-1738 4027 -3127
-1738 4027 -3127
-1738 4027 -3127
-1738 4027 -3127
-1738 4027 -3127
-2173 3891 -2863
-2173 3891 -2863
-2173 3891 -2863
-2173 3891 -2863
-2173 3891 -2863
-2173 3891 -2863
-2173 3891 -2863
-2173 3891 -2863
-2754 3546 -2806
-2754 3546 -2806
-2754 3546 -2806
-2754 3546 -2806
-2754 3546 -2806
-2754 3546 -2806
-2754 3546 -2806
-2754 3546 -2806
-3392 3054 -2910
-3392 3054 -2910
-3392 3054 -2910
-3392 3054 -2910
-3392 3054 -2910
-3392 3054 -2910
-3392 3054 -2910
-3392 3054 -2910
-3894 2192 -3091
-3894 2192 -3091
-3894 2192 -3091
-3894 2192 -3091
-3894 2192 -3091
-3894 2192 -3091
-3894 2192 -3091
-3894 2192 -3091
-4080 1132 -3196
-4080 1132 -3196
-4080 1132 -3196
-4080 1132 -3196
-4080 1132 -3196
-4080 1132 -3196
-4080 1132 -3196
-4080 1132 -3196
-3992 162 -3230
-3992 162 -3230
-3992 162 -3230
-3992 162 -3230
-3992 162 -3230
-3992 162 -3230
-3992 162 -3230
-3992 162 -3230
-3738 -501 -3315
-3738 -501 -3315
-3738 -501 -3315
-3738 -501 -3315
-3738 -501 -3315
-3738 -501 -3315
-3738 -501 -3315
-3738 -501 -3315
-3365 -1072 -3296
-3365 -1072 -3296
-3365 -1072 -3296
-3365 -1072 -3296
-3365 -1072 -3296
-3365 -1072 -3296
-3365 -1072 -3296
-3365 -1072 -3296
-3142 -1382 -3256
-3142 -1382 -3256
-3142 -1382 -3256
-3142 -1382 -3256
-3142 -1382 -3256
-3142 -1382 -3256
-3142 -1382 -3256
-3142 -1382 -3256
-2987 -1518 -3312
-2987 -1518 -3312
-2987 -1518 -3312
-2987 -1518 -3312
-2987 -1518 -3312
-2987 -1518 -3312
-2987 -1518 -3312
-2987 -1518 -3312
-2960 -1498 -3252
-2960 -1498 -3252
-2960 -1498 -3252
-2960 -1498 -3252
-2960 -1498 -3252
-2960 -1498 -3252
-2960 -1498 -3252
-2960 -1498 -3252
-3106 -1377 -3209
-3106 -1377 -3209
-3106 -1377 -3209
-3106 -1377 -3209
-3106 -1377 -3209
-3106 -1377 -3209
-3106 -1377 -3209
-3106 -1377 -3209
-3293 -1136 -3265
-3293 -1136 -3265
-3293 -1136 -3265
-3293 -1136 -3265
-3293 -1136 -3265
-3293 -1136 -3265
-3293 -1136 -3265
-3293 -1136 -3265
-3488 -818 -3536
-3488 -818 -3536
-3488 -818 -3536
-3488 -818 -3536
-3488 -818 -3536
-3488 -818 -3536
-3488 -818 -3536
-3488 -818 -3536
-3642 -447 -3970
-3642 -447 -3970
-3642 -447 -3970
-3642 -447 -3970
-3642 -447 -3970
-3642 -447 -3970
-3642 -447 -3970
-3642 -447 -3970
-3675 -103 -4387
-3675 -103 -4387
-3675 -103 -4387
-3675 -103 -4387
-3675 -103 -4387
-3675 -103 -4387
-3675 -103 -4387
-3675 -103 -4387
-3552 173 -4770
-3552 173 -4770
-3552 173 -4770
-3552 173 -4770
-3552 173 -4770
-3552 173 -4770
-3552 173 -4770
-3552 173 -4770
-3374 360 -5224
-3374 360 -5224
-3374 360 -5224
-3374 360 -5224
-3374 360 -5224
-3374 360 -5224
-3374 360 -5224
-3374 367 -5569
-3019 367 -5569
-3019 367 -5569
-3019 367 -5569
-3019 367 -5569
-3019 367 -5569
-3019 367 -5569
-3019 367 -5569
-2603 304 -5846
-2603 304 -5846
-2603 304 -5846
-2603 304 -5846
-2603 304 -5846
-2603 304 -5846
-2603 304 -5846
-2603 304 -5846
-2283 141 -5993
-2283 141 -5993
-2283 141 -5993
-2283 141 -5993
-2283 141 -5993
-2283 141 -5993
-2283 141 -5993
-2283 141 -5993
-2135 60 -6000
-2135 60 -6000
-2135 60 -6000
-2135 60 -6000
-2135 60 -6000
-2135 60 -6000
-2135 60 -6000
-2135 60 -6000
-2270 187 -6014
-2270 187 -6014
-2270 187 -6014
-2270 187 -6014
-2270 187 -6014
-2270 187 -6014
-2270 187 -6014
-2270 187 -6014
-2603 401 -5842
-2603 401 -5842
-2603 401 -5842
-2603 401 -5842
-2603 401 -5842
-2603 401 -5842
-2603 401 -5842
-2603 401 -5842
-2966 607 -5667
-2966 607 -5667
-2966 607 -5667
-2966 607 -5667
-2966 607 -5667
-2966 607 -5667
-2966 607 -5667
-2966 607 -5667
-3247 906 -5459
-3247 906 -5459
-3247 906 -5459
-3247 906 -5459
-3247 906 -5459
-3247 906 -5459
-3247 906 -5459
-3247 906 -5459
-3304 947 -5472
-3304 947 -5472
-3304 947 -5472
-3304 947 -5472
-3304 947 -5472
-3304 947 -5472
-3304 947 -5472
-3304 947 -5472
-3210 943 -5646
-3210 943 -5646
-3210 943 -5646
-3210 943 -5646
-3210 943 -5646
-3210 943 -5646
-3210 943 -5646
-3210 943 -5646
-2947 729 -5726
-2947 729 -5726
-2947 729 -5726
-2947 729 -5726
-2947 729 -5726
-2947 729 -5726
-2947 729 -5726
-2947 729 -5726
-2485 478 -5968
-2485 478 -5968
-2485 478 -5968
-2485 478 -5968
-2485 478 -5968
-2485 478 -5968
-2485 478 -5968
-2485 478 -5968
-1698 338 -6301
-1698 338 -6301
-1698 338 -6301
-1698 338 -6301
-1698 338 -6301
-1698 338 -6301
-1698 338 -6301
-1698 338 -6301
-599 424 -6446
-599 424 -6446
-599 424 -6446
-599 424 -6446
-599 424 -6446
-599 424 -6446
-599 424 -6446
-599 424 -6446
-420 617 -6453
-420 617 -6453
-420 617 -6453
-420 617 -6453
-420 617 -6453
-420 617 -6453
-420 617 -6453
-420 617 -6453
65 1068 -6298
65 1068 -6298
65 1068 -6298
65 1068 -6298
65 1068 -6298
65 1068 -6298
65 1068 -6298
65 1068 -6298
577 1597 -6071
577 1597 -6071
577 1597 -6071
577 1597 -6071
577 1597 -6071
577 1597 -6071
577 1597 -6071
577 1597 -6071
183 2212 -5998
183 2212 -5998
183 2212 -5998
183 2212 -5998
183 2212 -5998
183 2212 -5998
183 2212 -5998
183 2212 -5998
-164 2312 -6088
-164 2312 -6088
-164 2312 -6088
-164 2312 -6088
-164 2312 -6088
-164 2312 -6088
-164 2312 -6088
-164 2312 -6088
-959 1918 -6271
-959 1918 -6271
-959 1918 -6271
-959 1918 -6271
-959 1918 -6271
-959 1918 -6271
-959 1918 -6271
-959 1918 -6271
-1431 1204 -6394
-1431 1204 -6394
-1431 1204 -6394
-1431 1204 -6394
-1431 1204 -6394
-1431 1204 -6394
-1431 1204 -6394
-1431 1204 -6394
-1585 241 -6296
-1585 241 -6296
-1585 241 -6296
-1585 241 -6296
-1585 241 -6296
-1585 241 -6296
-1585 241 -6296
-1585 241 -6296
-1595 -744 -5924
-1595 -744 -5924
-1595 -744 -5924
-1595 -744 -5924
-1595 -744 -5924
-1595 -744 -5924
-1595 -744 -5924
-1595 -744 -5924
-1348 -1623 -5215
-1348 -1623 -5215
-1348 -1623 -5215
-1348 -1623 -5215
-1348 -1623 -5215
-1348 -1623 -5215
-1348 -1623 -5215
-1348 -1623 -5215
-778 -2220 -4344
-778 -2220 -4344
-778 -2220 -4344
-778 -2220 -4344
-778 -2220 -4344
-778 -2220 -4344
-778 -2220 -4344
-778 -2220 -4344
-527 -2325 -4165
-527 -2325 -4165
-527 -2325 -4165
-527 -2325 -4165
-527 -2325 -4165
-527 -2325 -4165
-527 -2325 -4165
-527 -2325 -4165
46 -2363 -3889
46 -2363 -3889
46 -2363 -3889
46 -2363 -3889
46 -2363 -3889
46 -2363 -3889
46 -2363 -3889
46 -2363 -3889
458 -2148 -3985
458 -2148 -3985
458 -2148 -3985
458 -2148 -3985
458 -2148 -3985
458 -2148 -3985
458 -2148 -3985
458 -2148 -3985
753 -2101 -3887
753 -2101 -3887
753 -2101 -3887
753 -2101 -3887
753 -2101 -3887
753 -2101 -3887
753 -2101 -3887
753 -2101 -3631
695 -2134 -3732
695 -2134 -3732
695 -2134 -3732
695 -2134 -3732
695 -2134 -3732
695 -2134 -3732
695 -2134 -3732
695 -2211 -3529
666 -2211 -3529
666 -2211 -3529
666 -2211 -3529
666 -2211 -3529
666 -2211 -3529
666 -2211 -3529
666 -2211 -3529
635 -2227 -3215
635 -2227 -3215
635 -2227 -3215
635 -2227 -3215
635 -2227 -3215
635 -2227 -3215
635 -2227 -3215
635 -2227 -3215
508 -2224 -3055
508 -2224 -3055
508 -2224 -3055
508 -2224 -3055
508 -2224 -3055
508 -2224 -3055
508 -2224 -3055
508 -2224 -3055
-165 -2322 -3422
-165 -2322 -3422
-165 -2322 -3422
-165 -2322 -3422
-165 -2322 -3422
-165 -2322 -3422
-165 -2322 -3422
-165 -2322 -3422
-1021 -2359 -3724
-1021 -2359 -3724
-1021 -2359 -3724
-1021 -2359 -3724
-1021 -2359 -3724
-1021 -2359 -3724
-1021 -2359 -3724
-1021 -2359 -3724
-2507 -1679 -4187
-2507 -1679 -4187
-2507 -1679 -4187
-2507 -1679 -4187
-2507 -1679 -4187
-2507 -1679 -4187
-2507 -1679 -4187
-2507 -1679 -4187
-3527 -311 -4514
-3527 -311 -4514
-3527 -311 -4514
-3527 -311 -4514
-3527 -311 -4514
-3527 -311 -4514
-3527 -311 -4514
-3527 -311 -4514
-3810 846 -4542
-3810 846 -4542
-3810 846 -4542
-3810 846 -4542
-3810 846 -4542
-3810 846 -4542
-3810 846 -4542
-3810 846 -4542
-3800 2174 -4286
-3800 2174 -4286
-3800 2174 -4286
-3800 2174 -4286
-3800 2174 -4286
-3800 2174 -4286
-3800 2174 -4286
-3800 2174 -4286
-3485 2971 -3789
-3485 2971 -3789
-3485 2971 -3789
-3485 2971 -3789
-3485 2971 -3789
-3485 2971 -3789
-3485 2971 -3789
-3485 2971 -3789
-3302 3321 -3172
-3302 3321 -3172
-3302 3321 -3172
-3302 3321 -3172
-3302 3321 -3172
-3302 3321 -3172
-3302 3321 -3172
-3302 3321 -3172
-3163 3373 -2664
-3163 3373 -2664
-3163 3373 -2664
-3163 3373 -2664
-3163 3373 -2664
-3163 3373 -2664
-3163 3373 -2664
-3163 3373 -2664
-3188 3333 -2415
-3188 3333 -2415
-3188 3333 -2415
-3188 3333 -2415
-3188 3333 -2415
-3188 3333 -2415
-3188 3333 -2415
-3188 3333 -2415
-3239 3356 -2381
-3239 3356 -2381
-3239 3356 -2381
-3239 3356 -2381
-3239 3356 -2381
-3239 3356 -2381
-3239 3356 -2381
-3239 3356 -2381
-3193 3445 -2681
-3193 3445 -2681
-3193 3445 -2681
-3193 3445 -2681
-3193 3445 -2681
-3193 3445 -2681
-3193 3445 -2681
-3193 3445 -2681
-3001 3657 -3172
-3001 3657 -3172
-3001 3657 -3172
-3001 3657 -3172
-3001 3657 -3172
-3001 3657 -3172
-3001 3657 -3172
-3001 3657 -3172
-2483 3884 -3725
-2483 3884 -3725
-2483 3884 -3725
-2483 3884 -3725
-2483 3884 -3725
-2483 3884 -3725
-2483 3884 -3725
-2483 3884 -3725
-1749 3955 -4164
-1749 3955 -4164
-1749 3955 -4164
-1749 3955 -4164
-1749 3955 -4164
-1749 3955 -4164
-1749 3955 -4164
-1749 3955 -4164
-1117 3916 -4558
-1117 3916 -4558
-1117 3916 -4558
-1117 3916 -4558
-1117 3916 -4558
-1117 3916 -4558
-1117 3916 -4558
-1117 3916 -4558
-722 3747 -4848
-722 3747 -4848
-722 3747 -4848
-722 3747 -4848
-722 3747 -4848
-722 3747 -4848
-722 3747 -4848
-722 3747 -4848
-545 3599 -5049
-545 3599 -5049
-545 3599 -5049
-545 3599 -5049
-545 3599 -5049
-545 3599 -5049
-545 3599 -5049
-545 3599 -5049
-388 3528 -4994
-388 3528 -4994
-388 3528 -4994
-388 3528 -4994
-388 3528 -4994
-388 3528 -4994
-388 3528 -4994
-388 3528 -4994
-290 3638 -4800
-290 3638 -4800
-290 3638 -4800
-290 3638 -4800
-290 3638 -4800
-290 3638 -4800
-290 3638 -4800
-290 3638 -4800
-348 3853 -4403
-348 3853 -4403
-348 3853 -4403
-348 3853 -4403
-348 3853 -4403
-348 3853 -4403
-348 3853 -4403
-348 3853 -4403
-626 4064 -3936
-626 4064 -3936
-626 4064 -3936
-626 4064 -3936
-626 4064 -3936
-626 4064 -3936
-626 4064 -3936
-626 4064 -3936
-1106 4149 -3495
-1106 4149 -3495
-1106 4149 -3495
-1106 4149 -3495
-1106 4149 -3495
-1106 4149 -3495
-1106 4149 -3495
-1106 4149 -3495
-1714 4056 -2985
-1714 4056 -2985
-1714 4056 -2985
-1714 4056 -2985
-1714 4056 -2985
-1714 4056 -2985
-1714 4056 -2985
-1714 4056 -2473
-2175 3909 -2543
-2175 3909 -2543
-2175 3909 -2543
-2175 3909 -2543
-2175 3909 -2543
-2175 3909 -2543
-2175 3909 -2543
-2687 3587 -2352
-2634 3587 -2352
-2634 3587 -2352
-2634 3587 -2352
-2634 3587 -2352
-2634 3587 -2352
-2634 3587 -2352
-2634 3587 -2352
-3021 3222 -2236
-3021 3222 -2236
-3021 3222 -2236
-3021 3222 -2236
-3021 3222 -2236
-3021 3222 -2236
-3021 3222 -2236
-3021 3222 -2236
-3443 2857 -2365
-3443 2857 -2365
-3443 2857 -2365
-3443 2857 -2365
-3443 2857 -2365
-3443 2857 -2365
-3443 2857 -2365
-3443 2857 -2365
-3742 2490 -2603
-3742 2490 -2603
-3742 2490 -2603
-3742 2490 -2603
-3742 2490 -2603
-3742 2490 -2603
-3742 2490 -2603
-3742 2490 -2603
-3923 2196 -2942
-3923 2196 -2942
-3923 2196 -2942
-3923 2196 -2942
-3923 2196 -2942
-3923 2196 -2942
-3923 2196 -2942
-3923 2196 -2942
-3999 2092 -3421
-3999 2092 -3421
-3999 2092 -3421
-3999 2092 -3421
-3999 2092 -3421
-3999 2092 -3421
-3999 2092 -3421
-3999 2092 -3421
-3883 2241 -3973
-3883 2241 -3973
-3883 2241 -3973
-3883 2241 -3973
-3883 2241 -3973
-3883 2241 -3973
-3883 2241 -3973
-3883 2241 -3973
-3540 2510 -4526
-3540 2510 -4526
-3540 2510 -4526
-3540 2510 -4526
-3540 2510 -4526
-3540 2510 -4526
-3540 2510 -4526
-3540 2510 -4526
-2881 2893 -4976
-2881 2893 -4976
-2881 2893 -4976
-2881 2893 -4976
-2881 2893 -4976
-2881 2893 -4976
-2881 2893 -4976
-2881 2893 -4976
-2099 2783 -5602
-2099 2783 -5602
-2099 2783 -5602
-2099 2783 -5602
-2099 2783 -5602
-2099 2783 -5602
-2099 2783 -5602
-2099 2783 -5602
-1679 2948 -5564
-1679 2948 -5564
-1679 2948 -5564
-1679 2948 -5564
-1679 2948 -5564
-1679 2948 -5564
-1679 2948 -5564
-1679 2948 -5564
-1083 3283 -5375
-1083 3283 -5375
-1083 3283 -5375
-1083 3283 -5375
-1083 3283 -5375
-1083 3283 -5375
-1083 3283 -5375
-1083 3283 -5375
-1125 3775 -4791
-1125 3775 -4791
-1125 3775 -4791
-1125 3775 -4791
-1125 3775 -4791
-1125 3775 -4791
-1125 3775 -4791
-1125 3775 -4791
-981 3849 -4515
-981 3849 -4515
-981 3849 -4515
-981 3849 -4515
-981 3849 -4515
-981 3849 -4515
-981 3849 -4515
-981 3849 -4515
-1440 3977 -4164
-1440 3977 -4164
-1440 3977 -4164
-1440 3977 -4164
-1440 3977 -4164
-1440 3977 -4164
-1440 3977 -4164
-1440 3977 -4164
-1852 3961 -3935
-1852 3961 -3935
-1852 3961 -3935
-1852 3961 -3935
-1852 3961 -3935
-1852 3961 -3935
-1852 3961 -3935
-1852 3961 -3935
-2122 3756 -3876
-2122 3756 -3876
-2122 3756 -3876
-2122 3756 -3876
-2122 3756 -3876
-2122 3756 -3876
-2122 3756 -3876
-2122 3756 -3876
-2540 3633 -3776
-2540 3633 -3776
-2540 3633 -3776
-2540 3633 -3776
-2540 3633 -3776
-2540 3633 -3776
-2540 3633 -3776
-2540 3633 -3776
-2804 3437 -3743
-2804 3437 -3743
-2804 3437 -3743
-2804 3437 -3743
-2804 3437 -3743
-2804 3437 -3743
-2804 3437 -3743
-2804 3437 -3743
-2733 3418 -3896
-2733 3418 -3896
-2733 3418 -3896
-2733 3418 -3896
