xmag ymag zmag
-3302 -238 -4662
-3303 -256 -4647
-3303 -256 -4647
-3303 -256 -4647
-3303 -256 -4647
-3303 -256 -4647
-3303 -256 -4647
-3303 -256 -4647
-3303 -256 -4647
-3305 -252 -4666
-3305 -252 -4666
-3305 -252 -4666
-3305 -252 -4666
-3305 -252 -4666
-3305 -252 -4666
-3305 -252 -4666
-3305 -252 -4666
-3321 -245 -4617
-3321 -245 -4617
-3321 -245 -4617
-3321 -245 -4617
-3321 -245 -4617
-3321 -245 -4617
-3321 -245 -4617
-3321 -245 -4617
-3317 -243 -4643
-3317 -243 -4643
-3317 -243 -4643
-3317 -243 -4643
-3317 -243 -4643
-3317 -243 -4643
-3317 -243 -4643
-3317 -243 -4643
-3291 -211 -4681
-3291 -211 -4681
-3291 -211 -4681
-3291 -211 -4681
-3291 -211 -4681
-3291 -211 -4681
-3291 -211 -4681
-3291 -211 -4681
-3291 -253 -4653
-3291 -253 -4653
-3291 -253 -4653
-3291 -253 -4653
-3291 -253 -4653
-3291 -253 -4653
-3291 -253 -4653
-3291 -253 -4653
-3292 -226 -4678
-3292 -226 -4678
-3292 -226 -4678
-3292 -226 -4678
-3292 -226 -4678
-3292 -226 -4678
-3292 -226 -4678
-3292 -226 -4678
-3269 -234 -4676
-3269 -234 -4676
-3269 -234 -4676
-3269 -234 -4676
-3269 -234 -4676
-3269 -234 -4676
-3269 -234 -4676
-3269 -234 -4676
-3297 -233 -4688
-3297 -233 -4688
-3297 -233 -4688
-3297 -233 -4688
-3297 -233 -4688
-3297 -233 -4688
-3297 -233 -4688
-3297 -233 -4688
-3281 -250 -4711
-3281 -250 -4711
-3281 -250 -4711
-3281 -250 -4711
-3281 -250 -4711
-3281 -250 -4711
-3281 -250 -4711
-3281 -250 -4711
-3313 -247 -4731
-3313 -247 -4731
-3313 -247 -4731
-3313 -247 -4731
-3313 -247 -4731
-3313 -247 -4731
-3313 -247 -4731
-3313 -247 -4731
-3338 -241 -4618
-3338 -241 -4618
-3338 -241 -4618
-3338 -241 -4618
-3338 -241 -4618
-3338 -241 -4618
-3338 -241 -4618
-3338 -241 -4618
-3310 -276 -4678
-3310 -276 -4678
-3310 -276 -4678
-3310 -276 -4678
-3310 -276 -4678
-3310 -276 -4678
-3310 -276 -4678
-3310 -254 -4644
-3315 -254 -4644
-3315 -254 -4644
-3315 -254 -4644
-3315 -254 -4644
-3315 -254 -4644
-3315 -254 -4644
-3315 -254 -4644
-3351 -242 -4673
-3351 -242 -4673
-3351 -242 -4673
-3351 -242 -4673
-3351 -242 -4673
-3351 -242 -4673
-3351 -242 -4673
-3351 -242 -4673
-3361 -266 -4648
-3361 -266 -4648
-3361 -266 -4648
-3361 -266 -4648
-3361 -266 -4648
-3361 -266 -4648
-3361 -266 -4648
-3361 -266 -4648
-3332 -271 -4660
-3332 -271 -4660
-3332 -271 -4660
-3332 -271 -4660
-3332 -271 -4660
-3332 -271 -4660
-3332 -271 -4660
-3332 -271 -4660
-3312 -280 -4736
-3312 -280 -4736
-3312 -280 -4736
-3312 -280 -4736
-3312 -280 -4736
-3312 -280 -4736
-3312 -280 -4736
-3312 -280 -4736
-3282 -234 -4689
-3282 -234 -4689
-3282 -234 -4689
-3282 -234 -4689
-3282 -234 -4689
-3282 -234 -4689
-3282 -234 -4689
-3282 -234 -4689
-3317 -241 -4685
-3317 -241 -4685
-3317 -241 -4685
-3317 -241 -4685
-3317 -241 -4685
-3317 -241 -4685
-3317 -241 -4685
-3317 -241 -4685
-3307 -224 -4678
-3307 -224 -4678
-3307 -224 -4678
-3307 -224 -4678
-3307 -224 -4678
-3307 -224 -4678
-3307 -224 -4678
-3307 -224 -4678
-3327 -230 -4742
-3327 -230 -4742
-3327 -230 -4742
-3327 -230 -4742
-3327 -230 -4742
-3327 -230 -4742
-3327 -230 -4742
-3327 -230 -4742
-3317 -235 -4702
-3317 -235 -4702
-3317 -235 -4702
-3317 -235 -4702
-3317 -235 -4702
-3317 -235 -4702
-3317 -235 -4702
-3317 -235 -4702
-3328 -277 -4663
-3328 -277 -4663
-3328 -277 -4663
-3328 -277 -4663
-3328 -277 -4663
-3328 -277 -4663
-3328 -277 -4663
-3328 -277 -4663
-3310 -294 -4722
-3310 -294 -4722
-3310 -294 -4722
-3310 -294 -4722
-3310 -294 -4722
-3310 -294 -4722
-3310 -294 -4722
-3310 -294 -4722
-3318 -255 -4650
-3318 -255 -4650
-3318 -255 -4650
-3318 -255 -4650
-3318 -255 -4650
-3318 -255 -4650
-3318 -255 -4650
-3318 -255 -4650
-3293 -247 -4656
-3293 -247 -4656
-3293 -247 -4656
-3293 -247 -4656
-3293 -247 -4656
-3293 -247 -4656
-3293 -247 -4656
-3293 -247 -4656
-3300 -256 -4703
-3300 -256 -4703
-3300 -256 -4703
-3300 -256 -4703
-3300 -256 -4703
-3300 -256 -4703
-3300 -256 -4703
-3300 -256 -4703
-3301 -269 -4688
-3301 -269 -4688
-3301 -269 -4688
-3301 -269 -4688
-3301 -269 -4688
-3301 -269 -4688
-3301 -269 -4688
-3301 -269 -4688
-3295 -238 -4641
-3295 -238 -4641
-3295 -238 -4641
-3295 -238 -4641
-3295 -238 -4641
-3295 -238 -4641
-3295 -238 -4641
-3295 -238 -4641
-3285 -248 -4679
-3285 -248 -4679
-3285 -248 -4679
-3285 -248 -4679
-3285 -248 -4679
-3285 -248 -4679
-3285 -248 -4679
-3285 -248 -4679
-3291 -248 -4667
-3291 -248 -4667
-3291 -248 -4667
-3291 -248 -4667
-3291 -248 -4667
-3291 -248 -4667
-3291 -248 -4667
-3291 -248 -4667
-3323 -232 -4643
-3323 -232 -4643
-3323 -232 -4643
-3323 -232 -4643
-3323 -232 -4643
-3323 -232 -4643
-3323 -232 -4643
-3323 -232 -4643
-3288 -242 -4701
-3288 -242 -4701
-3288 -242 -4701
-3288 -242 -4701
-3288 -242 -4701
-3288 -242 -4701
-3288 -242 -4701
-3288 -242 -4701
-3299 -232 -4680
-3299 -232 -4680
-3299 -232 -4680
-3299 -232 -4680
-3299 -232 -4680
-3299 -232 -4680
-3299 -232 -4680
-3299 -232 -4680
-3285 -251 -4678
-3285 -251 -4678
-3285 -251 -4678
-3285 -251 -4678
-3285 -251 -4678
-3285 -251 -4678
-3285 -251 -4678
-3285 -251 -4678
-3295 -255 -4665
-3295 -255 -4665
-3295 -255 -4665
-3295 -255 -4665
-3295 -255 -4665
-3295 -255 -4665
-3295 -255 -4665
-3295 -255 -4665
-3287 -225 -4635
-3287 -225 -4635
-3287 -225 -4635
-3287 -225 -4635
-3287 -225 -4635
-3287 -225 -4635
-3287 -225 -4635
-3287 -225 -4635
-3302 -285 -4693
-3302 -285 -4693
-3302 -285 -4693
-3302 -285 -4693
-3302 -285 -4693
-3302 -285 -4693
-3302 -285 -4693
-3302 -285 -4693
-3296 -257 -4679
-3296 -257 -4679
-3296 -257 -4679
-3296 -257 -4679
-3296 -257 -4679
-3296 -257 -4679
-3296 -257 -4679
-3296 -257 -4679
-3316 -252 -4659
-3316 -252 -4659
-3316 -252 -4659
-3316 -252 -4659
-3316 -252 -4659
-3316 -252 -4659
-3316 -252 -4659
-3316 -264 -4705
-3302 -264 -4705
-3302 -264 -4705
-3302 -264 -4705
-3302 -264 -4705
-3302 -264 -4705
-3302 -264 -4705
-3302 -264 -4705
-3314 -264 -4694
-3314 -264 -4694
-3314 -264 -4694
-3314 -264 -4694
-3314 -264 -4694
-3314 -264 -4694
-3314 -264 -4694
-3314 -264 -4694
-3261 -265 -4667
-3261 -265 -4667
-3261 -265 -4667
-3261 -265 -4667
-3261 -265 -4667
-3261 -265 -4667
-3261 -265 -4667
-3261 -265 -4667
-3306 -240 -4662
-3306 -240 -4662
-3306 -240 -4662
-3306 -240 -4662
-3306 -240 -4662
-3306 -240 -4662
-3306 -240 -4662
-3306 -240 -4662
-3247 -242 -4613
-3247 -242 -4613
-3247 -242 -4613
-3247 -242 -4613
-3247 -242 -4613
-3247 -242 -4613
-3247 -242 -4613
-3247 -242 -4613
-3287 -242 -4622
-3287 -242 -4622
-3287 -242 -4622
-3287 -242 -4622
-3287 -242 -4622
-3287 -242 -4622
-3287 -242 -4622
-3287 -242 -4622
-3309 -233 -4667
-3309 -233 -4667
-3309 -233 -4667
-3309 -233 -4667
-3309 -233 -4667
-3309 -233 -4667
-3309 -233 -4667
-3309 -233 -4667
-3291 -261 -4620
-3291 -261 -4620
-3291 -261 -4620
-3291 -261 -4620
-3291 -261 -4620
-3291 -261 -4620
-3291 -261 -4620
-3291 -261 -4620
-3296 -257 -4642
-3296 -257 -4642
-3296 -257 -4642
-3296 -257 -4642
-3296 -257 -4642
-3296 -257 -4642
-3296 -257 -4642
-3296 -257 -4642
-3306 -250 -4686
-3306 -250 -4686
-3306 -250 -4686
-3306 -250 -4686
-3306 -250 -4686
-3306 -250 -4686
-3306 -250 -4686
-3306 -250 -4686
-3300 -253 -4643
-3300 -253 -4643
-3300 -253 -4643
-3300 -253 -4643
-3300 -253 -4643
-3300 -253 -4643
-3300 -253 -4643
-3300 -253 -4643
-3294 -267 -4647
-3294 -267 -4647
-3294 -267 -4647
-3294 -267 -4647
-3294 -267 -4647
-3294 -267 -4647
-3294 -267 -4647
-3294 -267 -4647
-3279 -275 -4656
-3279 -275 -4656
-3279 -275 -4656
-3279 -275 -4656
-3279 -275 -4656
-3279 -275 -4656
-3279 -275 -4656
-3279 -275 -4656
-3271 -243 -4660
-3271 -243 -4660
-3271 -243 -4660
-3271 -243 -4660
-3271 -243 -4660
-3271 -243 -4660
-3271 -243 -4660
-3271 -243 -4660
-3268 -252 -4680
-3268 -252 -4680
-3268 -252 -4680
-3268 -252 -4680
-3268 -252 -4680
-3268 -252 -4680
-3268 -252 -4680
-3268 -252 -4680
-3287 -276 -4656
-3287 -276 -4656
-3287 -276 -4656
-3287 -276 -4656
-3287 -276 -4656
-3287 -276 -4656
-3287 -276 -4656
-3287 -276 -4656
-3291 -239 -4650
-3291 -239 -4650
-3291 -239 -4650
-3291 -239 -4650
-3291 -239 -4650
-3291 -239 -4650
-3291 -239 -4650
-3291 -239 -4650
-3311 -298 -4621
-3311 -298 -4621
-3311 -298 -4621
-3311 -298 -4621
-3311 -298 -4621
-3311 -298 -4621
-3311 -298 -4621
-3311 -298 -4621
-3321 -261 -4643
-3321 -261 -4643
-3321 -261 -4643
-3321 -261 -4643
-3321 -261 -4643
-3321 -261 -4643
-3321 -261 -4643
-3321 -261 -4643
-3321 -247 -4664
-3321 -247 -4664
-3321 -247 -4664
-3321 -247 -4664
-3321 -247 -4664
-3321 -247 -4664
-3321 -247 -4664
-3315 -266 -4680
-3315 -266 -4680
-3315 -266 -4680
-3315 -266 -4680
-3315 -266 -4680
-3315 -266 -4680
-3315 -266 -4680
-3315 -266 -4680
-3288 -248 -4656
-3288 -248 -4656
-3288 -248 -4656
-3288 -248 -4656
-3288 -248 -4656
-3288 -248 -4656
-3288 -248 -4656
-3288 -248 -4656
-3306 -272 -4648
-3306 -272 -4648
-3306 -272 -4648
-3306 -272 -4648
-3306 -272 -4648
-3306 -272 -4648
-3306 -272 -4648
-3306 -272 -4648
-3297 -262 -4680
-3297 -262 -4680
-3297 -262 -4680
-3297 -262 -4680
-3297 -262 -4680
-3297 -262 -4680
-3297 -262 -4680
-3297 -262 -4680
-3297 -234 -4686
-3297 -234 -4686
-3297 -234 -4686
-3297 -234 -4686
-3297 -234 -4686
-3297 -234 -4686
-3297 -234 -4686
-3297 -234 -4686
-3300 -272 -4628
-3300 -272 -4628
-3300 -272 -4628
-3300 -272 -4628
-3300 -272 -4628
-3300 -272 -4628
-3300 -272 -4628
-3300 -272 -4628
-3321 -255 -4661
-3321 -255 -4661
-3321 -255 -4661
-3321 -255 -4661
-3321 -255 -4661
-3321 -255 -4661
-3321 -255 -4661
-3321 -255 -4661
-3300 -258 -4673
-3300 -258 -4673
-3300 -258 -4673
-3300 -258 -4673
-3300 -258 -4673
-3300 -258 -4673
-3300 -258 -4673
-3300 -258 -4673
-3280 -271 -4665
-3280 -271 -4665
-3280 -271 -4665
-3280 -271 -4665
-3280 -271 -4665
-3280 -271 -4665
-3280 -271 -4665
-3280 -271 -4665
-3278 -251 -4612
-3278 -251 -4612
-3278 -251 -4612
-3278 -251 -4612
-3278 -251 -4612
-3278 -251 -4612
-3278 -251 -4612
-3278 -251 -4612
-3270 -250 -4647
-3270 -250 -4647
-3270 -250 -4647
-3270 -250 -4647
-3270 -250 -4647
-3270 -250 -4647
-3270 -250 -4647
-3270 -250 -4647
-3298 -263 -4623
-3298 -263 -4623
-3298 -263 -4623
-3298 -263 -4623
-3298 -263 -4623
-3298 -263 -4623
-3298 -263 -4623
-3298 -263 -4623
-3261 -255 -4643
-3261 -255 -4643
-3261 -255 -4643
-3261 -255 -4643
-3261 -255 -4643
-3261 -255 -4643
-3261 -255 -4643
-3261 -255 -4643
-3275 -247 -4654
-3275 -247 -4654
-3275 -247 -4654
-3275 -247 -4654
-3275 -247 -4654
-3275 -247 -4654
-3275 -247 -4654
-3275 -247 -4654
-3278 -205 -4640
-3278 -205 -4640
-3278 -205 -4640
-3278 -205 -4640
-3278 -205 -4640
-3278 -205 -4640
-3278 -205 -4640
-3278 -205 -4640
-3276 -212 -4602
-3276 -212 -4602
-3276 -212 -4602
-3276 -212 -4602
-3276 -212 -4602
-3276 -212 -4602
-3276 -212 -4602
-3276 -212 -4602
-3280 -229 -4646
-3280 -229 -4646
-3280 -229 -4646
-3280 -229 -4646
-3280 -229 -4646
-3280 -229 -4646
-3280 -229 -4646
-3280 -229 -4646
-3291 -231 -4629
-3291 -231 -4629
-3291 -231 -4629
-3291 -231 -4629
-3291 -231 -4629
-3291 -231 -4629
-3291 -231 -4629
-3291 -231 -4629
-3303 -234 -4635
-3303 -234 -4635
-3303 -234 -4635
-3303 -234 -4635
-3303 -234 -4635
-3303 -234 -4635
-3303 -234 -4635
-3303 -234 -4635
-3297 -235 -4635
-3297 -235 -4635
-3297 -235 -4635
-3297 -235 -4635
-3297 -235 -4635
-3297 -235 -4635
-3297 -235 -4635
-3297 -235 -4635
-3311 -218 -4614
-3311 -218 -4614
-3311 -218 -4614
-3311 -218 -4614
-3311 -218 -4614
-3311 -218 -4614
-3311 -218 -4614
-3311 -218 -4614
-3288 -233 -4656
-3288 -233 -4656
-3288 -233 -4656
-3288 -233 -4656
-3288 -233 -4656
-3288 -233 -4656
-3288 -233 -4656
-3288 -233 -4656
-3294 -229 -4647
-3294 -229 -4647
-3294 -229 -4647
-3294 -229 -4647
-3294 -229 -4647
-3294 -229 -4647
-3294 -229 -4647
-3294 -229 -4647
-3283 -205 -4627
-3283 -205 -4627
-3283 -205 -4627
-3283 -205 -4627
-3283 -205 -4627
-3283 -205 -4627
-3283 -205 -4627
-3283 -205 -4627
-3296 -212 -4607
-3296 -212 -4607
-3296 -212 -4607
-3296 -212 -4607
-3296 -212 -4607
-3296 -212 -4607
-3296 -212 -4607
-3296 -212 -4607
-3297 -232 -4641
-3297 -232 -4641
-3297 -232 -4641
-3297 -232 -4641
-3297 -232 -4641
-3297 -232 -4641
-3297 -232 -4641
-3297 -232 -4641
-3306 -217 -4646
-3306 -217 -4646
-3306 -217 -4646
-3306 -217 -4646
-3306 -217 -4646
-3306 -217 -4646
-3306 -217 -4646
-3266 -195 -4623
-3266 -195 -4623
-3266 -195 -4623
-3266 -195 -4623
-3266 -195 -4623
-3266 -195 -4623
-3266 -195 -4623
-3266 -195 -4623
-3286 -213 -4591
-3286 -213 -4591
-3286 -213 -4591
-3286 -213 -4591
-3286 -213 -4591
-3286 -213 -4591
-3286 -213 -4591
-3286 -213 -4591
-3295 -201 -4632
-3295 -201 -4632
-3295 -201 -4632
-3295 -201 -4632
-3295 -201 -4632
-3295 -201 -4632
-3295 -201 -4632
-3295 -201 -4632
-3295 -214 -4674
-3295 -214 -4674
-3295 -214 -4674
-3295 -214 -4674
-3295 -214 -4674
-3295 -214 -4674
-3295 -214 -4674
-3295 -214 -4674
-3319 -207 -4592
-3319 -207 -4592
-3319 -207 -4592
-3319 -207 -4592
-3319 -207 -4592
-3319 -207 -4592
-3319 -207 -4592
-3319 -207 -4592
-3286 -189 -4639
-3286 -189 -4639
-3286 -189 -4639
-3286 -189 -4639
-3286 -189 -4639
-3286 -189 -4639
-3286 -189 -4639
-3286 -189 -4639
-3310 -204 -4677
-3310 -204 -4677
-3310 -204 -4677
-3310 -204 -4677
-3310 -204 -4677
-3310 -204 -4677
-3310 -204 -4677
-3310 -204 -4677
-3280 -229 -4649
-3280 -229 -4649
-3280 -229 -4649
-3280 -229 -4649
-3280 -229 -4649
-3280 -229 -4649
-3280 -229 -4649
-3280 -229 -4649
-3300 -179 -4585
-3300 -179 -4585
-3300 -179 -4585
-3300 -179 -4585
-3300 -179 -4585
-3300 -179 -4585
-3300 -179 -4585
-3300 -179 -4585
-3280 -184 -4657
-3280 -184 -4657
-3280 -184 -4657
-3280 -184 -4657
-3280 -184 -4657
-3280 -184 -4657
-3280 -184 -4657
-3280 -184 -4657
-3314 -237 -4679
-3314 -237 -4679
-3314 -237 -4679
-3314 -237 -4679
-3314 -237 -4679
-3314 -237 -4679
-3314 -237 -4679
-3314 -237 -4679
-3308 -215 -4678
-3308 -215 -4678
-3308 -215 -4678
-3308 -215 -4678
-3308 -215 -4678
-3308 -215 -4678
-3308 -215 -4678
-3308 -215 -4678
-3289 -215 -4616
-3289 -215 -4616
-3289 -215 -4616
-3289 -215 -4616
-3289 -215 -4616
-3289 -215 -4616
-3289 -215 -4616
-3289 -215 -4616
-3293 -219 -4653
-3293 -219 -4653
-3293 -219 -4653
-3293 -219 -4653
-3293 -219 -4653
-3293 -219 -4653
-3293 -219 -4653
-3293 -219 -4653
-3284 -222 -4627
-3284 -222 -4627
-3284 -222 -4627
-3284 -222 -4627
-3284 -222 -4627
-3284 -222 -4627
-3284 -222 -4627
-3284 -222 -4627
-3263 -231 -4652
-3263 -231 -4652
-3263 -231 -4652
-3263 -231 -4652
-3263 -231 -4652
-3263 -231 -4652
-3263 -231 -4652
-3263 -231 -4652
-3268 -220 -4723
-3268 -220 -4723
-3268 -220 -4723
-3268 -220 -4723
-3268 -220 -4723
-3268 -220 -4723
-3268 -220 -4723
-3268 -220 -4723
-3280 -250 -4699
-3280 -250 -4699
-3280 -250 -4699
-3280 -250 -4699
-3280 -250 -4699
-3280 -250 -4699
-3280 -250 -4699
-3280 -250 -4699
-3277 -196 -4632
-3277 -196 -4632
-3277 -196 -4632
-3277 -196 -4632
-3277 -196 -4632
-3277 -196 -4632
-3277 -196 -4632
-3277 -196 -4632
-3278 -248 -4631
-3278 -248 -4631
-3278 -248 -4631
-3278 -248 -4631
-3278 -248 -4631
-3278 -248 -4631
-3278 -248 -4631
-3278 -248 -4631
-3288 -230 -4641
-3288 -230 -4641
-3288 -230 -4641
-3288 -230 -4641
-3288 -230 -4641
-3288 -230 -4641
-3288 -230 -4641
-3288 -230 -4641
-3300 -221 -4666
-3300 -221 -4666
-3300 -221 -4666
-3300 -221 -4666
-3300 -221 -4666
-3300 -221 -4666
-3300 -221 -4666
-3300 -221 -4666
-3310 -237 -4686
-3310 -237 -4686
-3310 -237 -4686
-3310 -237 -4686
-3310 -237 -4686
-3310 -237 -4686
-3310 -237 -4686
-3310 -237 -4686
-3303 -264 -4686
-3303 -264 -4686
-3303 -264 -4686
-3303 -264 -4686
-3303 -264 -4686
-3303 -264 -4686
-3303 -264 -4686
-3303 -264 -4686
-3303 -233 -4662
-3303 -233 -4662
-3303 -233 -4662
-3303 -233 -4662
-3303 -233 -4662
-3303 -233 -4662
-3303 -233 -4662
-3303 -233 -4662
-3287 -215 -4673
-3287 -215 -4673
-3287 -215 -4673
-3287 -215 -4673
-3287 -215 -4673
-3287 -215 -4673
-3287 -215 -4673
-3287 -215 -4659
-3330 -206 -4659
-3330 -206 -4659
-3330 -206 -4659
-3330 -206 -4659
-3330 -206 -4659
-3330 -206 -4659
-3330 -206 -4659
-3274 -232 -4669
-3274 -232 -4669
-3274 -232 -4669
-3274 -232 -4669
-3274 -232 -4669
-3274 -232 -4669
-3274 -232 -4669
-3274 -232 -4669
-3270 -254 -4694
-3270 -254 -4694
-3270 -254 -4694
-3270 -254 -4694
-3270 -254 -4694
-3270 -254 -4694
-3270 -254 -4694
-3270 -254 -4694
-3281 -231 -4700
-3281 -231 -4700
-3281 -231 -4700
-3281 -231 -4700
-3281 -231 -4700
-3281 -231 -4700
-3281 -231 -4700
-3281 -231 -4700
-3279 -245 -4680
-3279 -245 -4680
-3279 -245 -4680
-3279 -245 -4680
-3279 -245 -4680
-3279 -245 -4680
-3279 -245 -4680
-3279 -245 -4680
-3298 -244 -4732
-3298 -244 -4732
-3298 -244 -4732
-3298 -244 -4732
-3298 -244 -4732
-3298 -244 -4732
-3298 -244 -4732
-3298 -244 -4732
-3297 -231 -4611
-3297 -231 -4611
-3297 -231 -4611
-3297 -231 -4611
-3297 -231 -4611
-3297 -231 -4611
-3297 -231 -4611
-3297 -231 -4611
-3328 -220 -4658
-3328 -220 -4658
-3328 -220 -4658
-3328 -220 -4658
-3328 -220 -4658
-3328 -220 -4658
-3328 -220 -4658
-3328 -220 -4658
-3304 -235 -4671
-3304 -235 -4671
-3304 -235 -4671
-3304 -235 -4671
-3304 -235 -4671
-3304 -235 -4671
-3304 -235 -4671
-3304 -235 -4671
-3300 -236 -4673
-3300 -236 -4673
-3300 -236 -4673
-3300 -236 -4673
-3300 -236 -4673
-3300 -236 -4673
-3300 -236 -4673
-3300 -236 -4673
-3293 -238 -4654
-3293 -238 -4654
-3293 -238 -4654
-3293 -238 -4654
-3293 -238 -4654
-3293 -238 -4654
-3293 -238 -4654
-3293 -238 -4654
-3287 -199 -4688
-3287 -199 -4688
-3287 -199 -4688
-3287 -199 -4688
-3287 -199 -4688
-3287 -199 -4688
-3287 -199 -4688
-3287 -199 -4688
-3305 -218 -4661
-3305 -218 -4661
-3305 -218 -4661
-3305 -218 -4661
-3305 -218 -4661
-3305 -218 -4661
-3305 -218 -4661
-3305 -218 -4661
-3285 -224 -4732
-3285 -224 -4732
-3285 -224 -4732
-3285 -224 -4732
-3285 -224 -4732
-3285 -224 -4732
-3285 -224 -4732
-3285 -224 -4732
-3303 -201 -4684
-3303 -201 -4684
-3303 -201 -4684
-3303 -201 -4684
-3303 -201 -4684
-3303 -201 -4684
-3303 -201 -4684
-3303 -201 -4684
-3278 -240 -4708
-3278 -240 -4708
-3278 -240 -4708
-3278 -240 -4708
-3278 -240 -4708
-3278 -240 -4708
-3278 -240 -4708
-3278 -240 -4708
-3299 -253 -4733
-3299 -253 -4733
-3299 -253 -4733
-3299 -253 -4733
-3299 -253 -4733
-3299 -253 -4733
-3299 -253 -4733
-3299 -253 -4733
-3312 -206 -4673
-3312 -206 -4673
-3312 -206 -4673
-3312 -206 -4673
-3312 -206 -4673
-3312 -206 -4673
-3312 -206 -4673
-3312 -206 -4673
-3279 -202 -4666
-3279 -202 -4666
-3279 -202 -4666
-3279 -202 -4666
-3279 -202 -4666
-3279 -202 -4666
-3279 -202 -4666
-3279 -202 -4666
-3284 -236 -4683
-3284 -236 -4683
-3284 -236 -4683
-3284 -236 -4683
-3284 -236 -4683
-3284 -236 -4683
-3284 -236 -4683
-3284 -236 -4683
-3289 -244 -4698
-3289 -244 -4698
-3289 -244 -4698
-3289 -244 -4698
-3289 -244 -4698
-3289 -244 -4698
-3289 -244 -4698
-3289 -244 -4698
-3276 -237 -4633
-3276 -237 -4633
-3276 -237 -4633
-3276 -237 -4633
-3276 -237 -4633
-3276 -237 -4633
-3276 -237 -4633
-3276 -237 -4633
-3323 -249 -4591
-3323 -249 -4591
-3323 -249 -4591
-3323 -249 -4591
-3323 -249 -4591
-3323 -249 -4591
-3323 -249 -4591
-3323 -249 -4653
-3316 -238 -4653
-3316 -238 -4653
-3316 -238 -4653
-3316 -238 -4653
-3316 -238 -4653
-3316 -238 -4653
-3316 -238 -4653
-3274 -255 -4658
-3274 -255 -4658
-3274 -255 -4658
-3274 -255 -4658
-3274 -255 -4658
-3274 -255 -4658
-3274 -255 -4658
-3274 -255 -4658
-3309 -232 -4659
-3309 -232 -4659
-3309 -232 -4659
-3309 -232 -4659
-3309 -232 -4659
-3309 -232 -4659
-3309 -232 -4659
-3309 -232 -4659
-3292 -262 -4653
-3292 -262 -4653
-3292 -262 -4653
-3292 -262 -4653
-3292 -262 -4653
-3292 -262 -4653
-3292 -262 -4653
-3292 -262 -4653
-3258 -240 -4649
-3258 -240 -4649
-3258 -240 -4649
-3258 -240 -4649
-3258 -240 -4649
-3258 -240 -4649
-3258 -240 -4649
-3258 -240 -4649
-3297 -203 -4634
-3297 -203 -4634
-3297 -203 -4634
-3297 -203 -4634
-3297 -203 -4634
-3297 -203 -4634
-3297 -203 -4634
-3297 -203 -4634
-3278 -291 -4653
-3278 -291 -4653
-3278 -291 -4653
-3278 -291 -4653
-3278 -291 -4653
-3278 -291 -4653
-3278 -291 -4653
-3278 -291 -4653
-3299 -277 -4663
-3299 -277 -4663
-3299 -277 -4663
-3299 -277 -4663
-3299 -277 -4663
-3299 -277 -4663
-3299 -277 -4663
-3299 -277 -4663
-3309 -234 -4685
-3309 -234 -4685
-3309 -234 -4685
-3309 -234 -4685
-3309 -234 -4685
-3309 -234 -4685
-3309 -234 -4685
-3309 -234 -4685
-3286 -217 -4706
-3286 -217 -4706
-3286 -217 -4706
-3286 -217 -4706
-3286 -217 -4706
-3286 -217 -4706
-3286 -217 -4706
-3286 -217 -4706
-3309 -253 -4679
-3309 -253 -4679
-3309 -253 -4679
-3309 -253 -4679
-3309 -253 -4679
-3309 -253 -4679
-3309 -253 -4679
-3309 -253 -4679
-3287 -211 -4693
-3287 -211 -4693
-3287 -211 -4693
-3287 -211 -4693
-3287 -211 -4693
-3287 -211 -4693
-3287 -211 -4693
-3287 -211 -4693
-3320 -236 -4668
-3320 -236 -4668
-3320 -236 -4668
-3320 -236 -4668
-3320 -236 -4668
-3320 -236 -4668
-3320 -236 -4668
-3320 -236 -4668
-3300 -210 -4706
-3300 -210 -4706
-3300 -210 -4706
-3300 -210 -4706
-3300 -210 -4706
-3300 -210 -4706
-3300 -210 -4706
-3300 -210 -4706
-3307 -254 -4696
-3307 -254 -4696
-3307 -254 -4696
-3307 -254 -4696
-3307 -254 -4696
-3307 -254 -4696
-3307 -254 -4696
-3307 -254 -4696
-3289 -248 -4661
-3289 -248 -4661
-3289 -248 -4661
-3289 -248 -4661
-3289 -248 -4661
-3289 -248 -4661
-3289 -248 -4661
-3289 -248 -4661
-3296 -273 -4723
-3296 -273 -4723
-3296 -273 -4723
-3296 -273 -4723
-3296 -273 -4723
-3296 -273 -4723
-3296 -273 -4723
-3296 -273 -4723
-3311 -244 -4750
-3311 -244 -4750
-3311 -244 -4750
-3311 -244 -4750
-3311 -244 -4750
-3311 -244 -4750
-3311 -244 -4750
-3311 -244 -4750
-3317 -232 -4680
-3317 -232 -4680
-3317 -232 -4680
-3317 -232 -4680
-3317 -232 -4680
-3317 -232 -4680
-3317 -232 -4680
-3317 -232 -4680
-3329 -260 -4655
-3329 -260 -4655
-3329 -260 -4655
-3329 -260 -4655
-3329 -260 -4655
-3329 -260 -4655
-3329 -260 -4655
-3329 -260 -4655
-3323 -252 -4675
-3323 -252 -4675
-3323 -252 -4675
-3323 -252 -4675
-3323 -252 -4675
-3323 -252 -4675
-3323 -252 -4675
-3323 -252 -4675
-3302 -218 -4686
-3302 -218 -4686
-3302 -218 -4686
-3302 -218 -4686
-3302 -218 -4686
-3302 -218 -4686
-3302 -218 -4686
-3302 -218 -4686
-3320 -240 -4721
-3320 -240 -4721
-3320 -240 -4721
-3320 -240 -4721
-3320 -240 -4721
-3320 -240 -4721
-3320 -240 -4721
-3320 -240 -4721
-3311 -229 -4718
-3311 -229 -4718
-3311 -229 -4718
-3311 -229 -4718
-3311 -229 -4718
-3311 -229 -4718
-3311 -229 -4718
-3311 -229 -4718
-3288 -239 -4723
-3288 -239 -4723
-3288 -239 -4723
-3288 -239 -4723
-3288 -239 -4723
-3288 -239 -4723
-3288 -239 -4723
-3288 -239 -4723
-3283 -250 -4750
-3283 -250 -4750
-3283 -250 -4750
-3283 -250 -4750
-3283 -250 -4750
-3283 -250 -4750
-3283 -250 -4750
-3283 -250 -4750
-3313 -230 -4674
-3313 -230 -4674
-3313 -230 -4674
-3313 -230 -4674
-3313 -230 -4674
-3313 -230 -4674
-3313 -230 -4674
-3313 -248 -4704
-3293 -248 -4704
-3293 -248 -4704
-3293 -248 -4704
-3293 -248 -4704
-3293 -248 -4704
-3293 -248 -4704
-3293 -248 -4704
-3286 -249 -4715
-3286 -249 -4715
-3286 -249 -4715
-3286 -249 -4715
-3286 -249 -4715
-3286 -249 -4715
-3286 -249 -4715
-3286 -249 -4715
-3282 -233 -4691
-3282 -233 -4691
-3282 -233 -4691
-3282 -233 -4691
-3282 -233 -4691
-3282 -233 -4691
-3282 -233 -4691
-3282 -233 -4691
-3292 -245 -4690
-3292 -245 -4690
-3292 -245 -4690
-3292 -245 -4690
-3292 -245 -4690
-3292 -245 -4690
-3292 -245 -4690
-3292 -245 -4690
-3300 -250 -4700
-3300 -250 -4700
-3300 -250 -4700
-3300 -250 -4700
-3300 -250 -4700
-3300 -250 -4700
-3300 -250 -4700
-3300 -250 -4700
-3299 -243 -4665
-3299 -243 -4665
-3299 -243 -4665
-3299 -243 -4665
-3299 -243 -4665
-3299 -243 -4665
-3299 -243 -4665
-3299 -243 -4665
-3298 -234 -4681
-3298 -234 -4681
-3298 -234 -4681
-3298 -234 -4681
-3298 -234 -4681
-3298 -234 -4681
-3298 -234 -4681
-3298 -234 -4681
-3314 -220 -4641
-3314 -220 -4641
-3314 -220 -4641
-3314 -220 -4641
-3314 -220 -4641
-3314 -220 -4641
-3314 -220 -4641
-3314 -220 -4641
-3334 -261 -4684
-3334 -261 -4684
-3334 -261 -4684
-3334 -261 -4684
-3334 -261 -4684
-3334 -261 -4684
-3334 -261 -4684
-3334 -261 -4684
-3321 -245 -4656
-3321 -245 -4656
-3321 -245 -4656
-3321 -245 -4656
-3321 -245 -4656
-3321 -245 -4656
-3321 -245 -4656
-3321 -245 -4656
-3270 -245 -4698
-3270 -245 -4698
-3270 -245 -4698
-3270 -245 -4698
-3270 -245 -4698
-3270 -245 -4698
-3270 -245 -4698
-3270 -245 -4698
-3301 -255 -4634
-3301 -255 -4634
-3301 -255 -4634
-3301 -255 -4634
-3301 -255 -4634
-3301 -255 -4634
-3301 -255 -4634
-3301 -255 -4634
-3286 -225 -4687
-3286 -225 -4687
-3286 -225 -4687
-3286 -225 -4687
-3286 -225 -4687
-3286 -225 -4687
-3286 -225 -4687
-3286 -225 -4687
-3293 -201 -4682
-3293 -201 -4682
-3293 -201 -4682
-3293 -201 -4682
-3293 -201 -4682
-3293 -201 -4682
-3293 -201 -4682
-3293 -201 -4682
-3283 -250 -4643
-3283 -250 -4643
-3283 -250 -4643
-3283 -250 -4643
-3283 -250 -4643
-3283 -250 -4643
-3283 -250 -4643
-3283 -250 -4643
-3283 -243 -4631
-3283 -243 -4631
-3283 -243 -4631
-3283 -243 -4631
-3283 -243 -4631
-3283 -243 -4631
-3283 -243 -4631
-3283 -243 -4631
-3309 -239 -4685
-3309 -239 -4685
-3309 -239 -4685
-3309 -239 -4685
-3309 -239 -4685
-3309 -239 -4685
-3309 -239 -4685
-3309 -239 -4685
-3320 -247 -4704
-3320 -247 -4704
-3320 -247 -4704
-3320 -247 -4704
-3320 -247 -4704
-3320 -247 -4704
-3320 -247 -4704
-3320 -247 -4704
-3275 -236 -4623
-3275 -236 -4623
-3275 -236 -4623
-3275 -236 -4623
-3275 -236 -4623
-3275 -236 -4623
-3275 -236 -4623
-3275 -236 -4623
-3286 -246 -4639
-3286 -246 -4639
-3286 -246 -4639
-3286 -246 -4639
-3286 -246 -4639
-3286 -246 -4639
-3286 -246 -4639
-3286 -246 -4639
-3335 -263 -4660
-3335 -263 -4660
-3335 -263 -4660
-3335 -263 -4660
-3335 -263 -4660
-3335 -263 -4660
-3335 -263 -4660
-3335 -263 -4660
-3283 -234 -4627
-3283 -234 -4627
-3283 -234 -4627
-3283 -234 -4627
-3283 -234 -4627
-3283 -234 -4627
-3283 -234 -4627
-3283 -234 -4627
-3286 -244 -4628
-3286 -244 -4628
-3286 -244 -4628
-3286 -244 -4628
-3286 -244 -4628
-3286 -244 -4628
-3286 -244 -4628
-3286 -244 -4628
-3311 -247 -4614
-3311 -247 -4614
-3311 -247 -4614
-3311 -247 -4614
-3311 -247 -4614
-3311 -247 -4614
-3311 -247 -4614
-3311 -247 -4645
-3323 -225 -4645
-3323 -225 -4645
-3323 -225 -4645
-3323 -225 -4645
-3323 -225 -4645
-3323 -225 -4645
-3323 -225 -4645
-3315 -248 -4640
-3315 -248 -4640
-3315 -248 -4640
-3315 -248 -4640
-3315 -248 -4640
-3315 -248 -4640
-3315 -248 -4640
-3315 -248 -4640
-3312 -238 -4668
-3312 -238 -4668
-3312 -238 -4668
-3312 -238 -4668
-3312 -238 -4668
-3312 -238 -4668
-3312 -238 -4668
-3312 -238 -4668
-3312 -254 -4708
-3312 -254 -4708
-3312 -254 -4708
-3312 -254 -4708
-3312 -254 -4708
-3312 -254 -4708
-3312 -254 -4708
-3312 -254 -4708
-3313 -248 -4680
-3313 -248 -4680
-3313 -248 -4680
-3313 -248 -4680
-3313 -248 -4680
-3313 -248 -4680
-3313 -248 -4680
-3313 -248 -4680
-3305 -245 -4669
-3305 -245 -4669
-3305 -245 -4669
-3305 -245 -4669
-3305 -245 -4669
-3305 -245 -4669
-3305 -245 -4669
-3305 -245 -4669
-3279 -224 -4686
-3279 -224 -4686
-3279 -224 -4686
-3279 -224 -4686
-3279 -224 -4686
-3279 -224 -4686
-3279 -224 -4686
-3279 -224 -4686
-3315 -241 -4648
-3315 -241 -4648
-3315 -241 -4648
-3315 -241 -4648
-3315 -241 -4648
-3315 -241 -4648
-3315 -241 -4648
-3315 -241 -4648
-3296 -236 -4626
-3296 -236 -4626
-3296 -236 -4626
-3296 -236 -4626
-3296 -236 -4626
-3296 -236 -4626
-3296 -236 -4626
-3296 -236 -4626
-3293 -244 -4666
-3293 -244 -4666
-3293 -244 -4666
-3293 -244 -4666
-3293 -244 -4666
-3293 -244 -4666
-3293 -244 -4666
-3293 -244 -4666
-3300 -221 -4651
-3300 -221 -4651
-3300 -221 -4651
-3300 -221 -4651
-3300 -221 -4651
-3300 -221 -4651
-3300 -221 -4651
-3300 -221 -4651
-3304 -240 -4651
-3304 -240 -4651
-3304 -240 -4651
-3304 -240 -4651
-3304 -240 -4651
-3304 -240 -4651
-3304 -240 -4651
-3304 -240 -4651
-3272 -252 -4696
-3272 -252 -4696
-3272 -252 -4696
-3272 -252 -4696
-3272 -252 -4696
-3272 -252 -4696
-3272 -252 -4696
-3272 -252 -4696
-3281 -244 -4707
-3281 -244 -4707
-3281 -244 -4707
-3281 -244 -4707
-3281 -244 -4707
-3281 -244 -4707
-3281 -244 -4707
-3281 -244 -4707
-3287 -238 -4683
-3287 -238 -4683
-3287 -238 -4683
-3287 -238 -4683
-3287 -238 -4683
-3287 -238 -4683
-3287 -238 -4683
-3287 -238 -4683
-3288 -212 -4612
-3288 -212 -4612
-3288 -212 -4612
-3288 -212 -4612
-3288 -212 -4612
-3288 -212 -4612
-3288 -212 -4612
-3288 -212 -4612
-3322 -219 -4604
-3322 -219 -4604
-3322 -219 -4604
-3322 -219 -4604
-3322 -219 -4604
-3322 -219 -4604
-3322 -219 -4604
-3322 -219 -4604
-3307 -231 -4650
-3307 -231 -4650
-3307 -231 -4650
-3307 -231 -4650
-3307 -231 -4650
-3307 -231 -4650
-3307 -231 -4650
-3307 -231 -4650
-3311 -231 -4631
-3311 -231 -4631
-3311 -231 -4631
-3311 -231 -4631
-3311 -231 -4631
-3311 -231 -4631
-3311 -231 -4631
-3311 -231 -4631
-3275 -234 -4630
-3275 -234 -4630
-3275 -234 -4630
-3275 -234 -4630
-3275 -234 -4630
-3275 -234 -4630
-3275 -234 -4630
-3275 -234 -4630
-3293 -222 -4620
-3293 -222 -4620
-3293 -222 -4620
-3293 -222 -4620
-3293 -222 -4620
-3293 -222 -4620
-3293 -222 -4620
-3293 -222 -4620
-3287 -247 -4643
-3287 -247 -4643
-3287 -247 -4643
-3287 -247 -4643
-3287 -247 -4643
-3287 -247 -4643
-3287 -247 -4643
-3287 -247 -4643
-3343 -235 -4681
-3343 -235 -4681
-3343 -235 -4681
-3343 -235 -4681
-3343 -235 -4681
-3343 -235 -4681
-3343 -235 -4681
-3303 -238 -4633
-3303 -238 -4633
-3303 -238 -4633
-3303 -238 -4633
-3303 -238 -4633
-3303 -238 -4633
-3303 -238 -4633
-3303 -238 -4633
-3287 -265 -4670
-3287 -265 -4670
-3287 -265 -4670
-3287 -265 -4670
-3287 -265 -4670
-3287 -265 -4670
-3287 -265 -4670
-3287 -265 -4670
-3321 -225 -4654
-3321 -225 -4654
-3321 -225 -4654
-3321 -225 -4654
-3321 -225 -4654
-3321 -225 -4654
-3321 -225 -4654
-3321 -225 -4654
-3298 -265 -4666
-3298 -265 -4666
-3298 -265 -4666
-3298 -265 -4666
-3298 -265 -4666
-3298 -265 -4666
-3298 -265 -4666
-3298 -265 -4666
-3313 -261 -4671
-3313 -261 -4671
-3313 -261 -4671
-3313 -261 -4671
-3313 -261 -4671
-3313 -261 -4671
-3313 -261 -4671
-3313 -261 -4671
-3280 -249 -4675
-3280 -249 -4675
-3280 -249 -4675
-3280 -249 -4675
-3280 -249 -4675
-3280 -249 -4675
-3280 -249 -4675
-3280 -249 -4675
-3331 -237 -4667
-3331 -237 -4667
-3331 -237 -4667
-3331 -237 -4667
-3331 -237 -4667
-3331 -237 -4667
-3331 -237 -4667
-3331 -237 -4667
-3307 -241 -4665
-3307 -241 -4665
-3307 -241 -4665
-3307 -241 -4665
-3307 -241 -4665
-3307 -241 -4665
-3307 -241 -4665
-3307 -241 -4665
-3255 -252 -4588
-3255 -252 -4588
-3255 -252 -4588
-3255 -252 -4588
-3255 -252 -4588
-3255 -252 -4588
-3255 -252 -4588
-3255 -252 -4588
-3292 -255 -4631
-3292 -255 -4631
-3292 -255 -4631
-3292 -255 -4631
-3292 -255 -4631
-3292 -255 -4631
-3292 -255 -4631
-3292 -255 -4631
-3299 -275 -4673
-3299 -275 -4673
-3299 -275 -4673
-3299 -275 -4673
-3299 -275 -4673
-3299 -275 -4673
-3299 -275 -4673
-3299 -275 -4673
-3286 -254 -4566
-3286 -254 -4566
-3286 -254 -4566
-3286 -254 -4566
-3286 -254 -4566
-3286 -254 -4566
-3286 -254 -4566
-3286 -254 -4566
-3280 -260 -4614
-3280 -260 -4614
-3280 -260 -4614
-3280 -260 -4614
-3280 -260 -4614
-3280 -260 -4614
-3280 -260 -4614
-3280 -260 -4614
-3310 -249 -4641
-3310 -249 -4641
-3310 -249 -4641
-3310 -249 -4641
-3310 -249 -4641
-3310 -249 -4641
-3310 -249 -4641
-3310 -249 -4641
-3301 -233 -4663
-3301 -233 -4663
-3301 -233 -4663
-3301 -233 -4663
-3301 -233 -4663
-3301 -233 -4663
-3301 -233 -4663
-3301 -233 -4663
-3287 -221 -4638
-3287 -221 -4638
-3287 -221 -4638
-3287 -221 -4638
-3287 -221 -4638
-3287 -221 -4638
-3287 -221 -4638
-3287 -221 -4638
-3313 -223 -4653
-3313 -223 -4653
-3313 -223 -4653
-3313 -223 -4653
-3313 -223 -4653
-3313 -223 -4653
-3313 -223 -4653
-3313 -223 -4653
-3294 -238 -4662
-3294 -238 -4662
-3294 -238 -4662
-3294 -238 -4662
-3294 -238 -4662
-3294 -238 -4662
-3294 -238 -4662
-3294 -238 -4662
-3284 -220 -4657
-3284 -220 -4657
-3284 -220 -4657
-3284 -220 -4657
-3284 -220 -4657
-3284 -220 -4657
-3284 -220 -4657
-3284 -220 -4657
-3285 -211 -4660
-3285 -211 -4660
-3285 -211 -4660
-3285 -211 -4660
-3285 -211 -4660
-3285 -211 -4660
-3285 -211 -4660
-3285 -211 -4660
-3294 -225 -4615
-3294 -225 -4615
-3294 -225 -4615
-3294 -225 -4615
-3294 -225 -4615
-3294 -225 -4615
-3294 -225 -4615
-3294 -225 -4615
-3278 -191 -4657
-3278 -191 -4657
-3278 -191 -4657
-3278 -191 -4657
-3278 -191 -4657
-3278 -191 -4657
-3278 -191 -4657
-3278 -191 -4671
-3286 -237 -4671
-3286 -237 -4671
-3286 -237 -4671
-3286 -237 -4671
-3286 -237 -4671
-3286 -237 -4671
-3286 -237 -4671
-3285 -224 -4691
-3285 -224 -4691
-3285 -224 -4691
-3285 -224 -4691
-3285 -224 -4691
-3285 -224 -4691
-3285 -224 -4691
-3285 -224 -4691
-3301 -239 -4691
-3301 -239 -4691
-3301 -239 -4691
-3301 -239 -4691
-3301 -239 -4691
-3301 -239 -4691
-3301 -239 -4691
-3301 -239 -4691
-3279 -214 -4671
-3279 -214 -4671
-3279 -214 -4671
-3279 -214 -4671
-3279 -214 -4671
-3279 -214 -4671
-3279 -214 -4671
-3279 -214 -4671
-3294 -241 -4674
-3294 -241 -4674
-3294 -241 -4674
-3294 -241 -4674
-3294 -241 -4674
-3294 -241 -4674
-3294 -241 -4674
-3294 -241 -4674
-3303 -217 -4661
-3303 -217 -4661
-3303 -217 -4661
-3303 -217 -4661
-3303 -217 -4661
-3303 -217 -4661
-3303 -217 -4661
-3303 -217 -4661
-3300 -209 -4627
-3300 -209 -4627
-3300 -209 -4627
-3300 -209 -4627
-3300 -209 -4627
-3300 -209 -4627
-3300 -209 -4627
-3300 -209 -4627
-3289 -231 -4674
-3289 -231 -4674
-3289 -231 -4674
-3289 -231 -4674
-3289 -231 -4674
-3289 -231 -4674
-3289 -231 -4674
-3289 -231 -4674
-3295 -251 -4639
-3295 -251 -4639
-3295 -251 -4639
-3295 -251 -4639
-3295 -251 -4639
-3295 -251 -4639
-3295 -251 -4639
-3295 -251 -4639
-3281 -239 -4693
-3281 -239 -4693
-3281 -239 -4693
-3281 -239 -4693
-3281 -239 -4693
-3281 -239 -4693
-3281 -239 -4693
-3281 -239 -4693
-3245 -231 -4640
-3245 -231 -4640
-3245 -231 -4640
-3245 -231 -4640
-3245 -231 -4640
-3245 -231 -4640
-3245 -231 -4640
-3245 -231 -4640
-3295 -253 -4666
-3295 -253 -4666
-3295 -253 -4666
-3295 -253 -4666
-3295 -253 -4666
-3295 -253 -4666
-3295 -253 -4666
-3295 -253 -4666
-3283 -242 -4657
-3283 -242 -4657
-3283 -242 -4657
-3283 -242 -4657
-3283 -242 -4657
-3283 -242 -4657
-3283 -242 -4657
-3283 -242 -4657
-3265 -255 -4656
-3265 -255 -4656
-3265 -255 -4656
-3265 -255 -4656
-3265 -255 -4656
-3265 -255 -4656
-3265 -255 -4656
-3265 -255 -4656
-3252 -205 -4668
-3252 -205 -4668
-3252 -205 -4668
-3252 -205 -4668
-3252 -205 -4668
-3252 -205 -4668
-3252 -205 -4668
-3252 -205 -4668
-3292 -220 -4602
-3292 -220 -4602
-3292 -220 -4602
-3292 -220 -4602
-3292 -220 -4602
-3292 -220 -4602
-3292 -220 -4602
-3292 -220 -4602
-3287 -198 -4683
-3287 -198 -4683
-3287 -198 -4683
-3287 -198 -4683
-3287 -198 -4683
-3287 -198 -4683
-3287 -198 -4683
-3287 -198 -4683
-3278 -209 -4632
-3278 -209 -4632
-3278 -209 -4632
-3278 -209 -4632
-3278 -209 -4632
-3278 -209 -4632
-3278 -209 -4632
-3278 -209 -4632
-3265 -193 -4702
-3265 -193 -4702
-3265 -193 -4702
-3265 -193 -4702
-3265 -193 -4702
-3265 -193 -4702
-3265 -193 -4702
-3265 -193 -4702
-3255 -223 -4710
-3255 -223 -4710
-3255 -223 -4710
-3255 -223 -4710
-3255 -223 -4710
-3255 -223 -4710
-3255 -223 -4710
-3255 -223 -4710
-3297 -188 -4697
-3297 -188 -4697
-3297 -188 -4697
-3297 -188 -4697
-3297 -188 -4697
-3297 -188 -4697
-3297 -188 -4697
-3297 -188 -4697
-3262 -226 -4654
-3262 -226 -4654
-3262 -226 -4654
-3262 -226 -4654
-3262 -226 -4654
-3262 -226 -4654
-3262 -226 -4654
-3262 -226 -4654
-3322 -230 -4666
-3322 -230 -4666
-3322 -230 -4666
-3322 -230 -4666
-3322 -230 -4666
-3322 -230 -4666
-3322 -230 -4666
-3322 -230 -4666
-3317 -235 -4651
-3317 -235 -4651
-3317 -235 -4651
-3317 -235 -4651
-3317 -235 -4651
-3317 -235 -4651
-3317 -235 -4651
-3290 -232 -4628
-3290 -232 -4628
-3290 -232 -4628
-3290 -232 -4628
-3290 -232 -4628
-3290 -232 -4628
-3290 -232 -4628
-3290 -232 -4628
-3303 -221 -4635
-3303 -221 -4635
-3303 -221 -4635
-3303 -221 -4635
-3303 -221 -4635
-3303 -221 -4635
-3303 -221 -4635
-3303 -221 -4635
-3295 -222 -4638
-3295 -222 -4638
-3295 -222 -4638
-3295 -222 -4638
-3295 -222 -4638
-3295 -222 -4638
-3295 -222 -4638
-3295 -222 -4638
-3285 -206 -4630
-3285 -206 -4630
-3285 -206 -4630
-3285 -206 -4630
-3285 -206 -4630
-3285 -206 -4630
-3285 -206 -4630
-3285 -206 -4630
-3303 -221 -4581
-3303 -221 -4581
-3303 -221 -4581
-3303 -221 -4581
-3303 -221 -4581
-3303 -221 -4581
-3303 -221 -4581
-3303 -221 -4581
-3281 -163 -4583
-3281 -163 -4583
-3281 -163 -4583
-3281 -163 -4583
-3281 -163 -4583
-3281 -163 -4583
-3281 -163 -4583
-3281 -163 -4583
-3298 -228 -4612
-3298 -228 -4612
-3298 -228 -4612
-3298 -228 -4612
-3298 -228 -4612
-3298 -228 -4612
-3298 -228 -4612
-3298 -228 -4612
-3334 -232 -4624
-3334 -232 -4624
-3334 -232 -4624
-3334 -232 -4624
-3334 -232 -4624
-3334 -232 -4624
-3334 -232 -4624
-3334 -232 -4624
-3316 -220 -4632
-3316 -220 -4632
-3316 -220 -4632
-3316 -220 -4632
-3316 -220 -4632
-3316 -220 -4632
-3316 -220 -4632
-3316 -220 -4632
-3321 -223 -4644
-3321 -223 -4644
-3321 -223 -4644
-3321 -223 -4644
-3321 -223 -4644
-3321 -223 -4644
-3321 -223 -4644
-3321 -223 -4644
-3338 -222 -4621
-3338 -222 -4621
-3338 -222 -4621
-3338 -222 -4621
-3338 -222 -4621
-3338 -222 -4621
-3338 -222 -4621
-3338 -222 -4621
-3293 -224 -4678
-3293 -224 -4678
-3293 -224 -4678
-3293 -224 -4678
-3293 -224 -4678
-3293 -224 -4678
-3293 -224 -4678
-3293 -224 -4678
-3313 -248 -4629
-3313 -248 -4629
-3313 -248 -4629
-3313 -248 -4629
-3313 -248 -4629
-3313 -248 -4629
-3313 -248 -4629
-3313 -248 -4629
-3310 -212 -4669
-3310 -212 -4669
-3310 -212 -4669
-3310 -212 -4669
-3310 -212 -4669
-3310 -212 -4669
-3310 -212 -4669
-3310 -212 -4669
-3265 -234 -4641
-3265 -234 -4641
-3265 -234 -4641
-3265 -234 -4641
-3265 -234 -4641
-3265 -234 -4641
-3265 -234 -4641
-3265 -234 -4641
-3281 -227 -4632
-3281 -227 -4632
-3281 -227 -4632
-3281 -227 -4632
-3281 -227 -4632
-3281 -227 -4632
-3281 -227 -4632
-3281 -227 -4632
-3300 -283 -4704
-3300 -283 -4704
-3300 -283 -4704
-3300 -283 -4704
-3300 -283 -4704
-3300 -283 -4704
-3300 -283 -4704
-3300 -283 -4704
-3281 -255 -4671
-3281 -255 -4671
-3281 -255 -4671
-3281 -255 -4671
-3281 -255 -4671
-3281 -255 -4671
-3281 -255 -4671
-3281 -255 -4671
-3303 -246 -4615
-3303 -246 -4615
-3303 -246 -4615
-3303 -246 -4615
-3303 -246 -4615
-3303 -246 -4615
-3303 -246 -4615
-3303 -246 -4615
-3274 -255 -4586
-3274 -255 -4586
-3274 -255 -4586
-3274 -255 -4586
-3274 -255 -4586
-3274 -255 -4586
-3274 -255 -4586
-3274 -255 -4586
-3313 -209 -4577
-3313 -209 -4577
-3313 -209 -4577
-3313 -209 -4577
-3313 -209 -4577
-3313 -209 -4577
-3313 -209 -4577
-3313 -209 -4577
-3272 -248 -4682
-3272 -248 -4682
-3272 -248 -4682
-3272 -248 -4682
-3272 -248 -4682
-3272 -248 -4682
-3272 -248 -4682
-3272 -248 -4682
-3304 -264 -4651
-3304 -264 -4651
-3304 -264 -4651
-3304 -264 -4651
-3304 -264 -4651
-3304 -264 -4651
-3304 -264 -4651
-3304 -264 -4651
-3287 -233 -4648
-3287 -233 -4648
-3287 -233 -4648
-3287 -233 -4648
-3287 -233 -4648
-3287 -233 -4648
-3287 -233 -4648
-3287 -233 -4648
-3290 -261 -4649
-3290 -261 -4649
-3290 -261 -4649
-3290 -261 -4649
-3290 -261 -4649
-3290 -261 -4649
-3290 -261 -4649
-3290 -234 -4704
-3303 -234 -4704
-3303 -234 -4704
-3303 -234 -4704
-3303 -234 -4704
-3303 -234 -4704
-3303 -234 -4704
-3303 -234 -4704
-3297 -236 -4654
-3297 -236 -4654
-3297 -236 -4654
-3297 -236 -4654
-3297 -236 -4654
-3297 -236 -4654
-3297 -236 -4654
-3297 -236 -4654
-3277 -233 -4622
-3277 -233 -4622
-3277 -233 -4622
-3277 -233 -4622
-3277 -233 -4622
-3277 -233 -4622
-3277 -233 -4622
-3277 -233 -4622
-3299 -240 -4681
-3299 -240 -4681
-3299 -240 -4681
-3299 -240 -4681
-3299 -240 -4681
-3299 -240 -4681
-3299 -240 -4681
-3299 -240 -4681
-3286 -256 -4653
-3286 -256 -4653
-3286 -256 -4653
-3286 -256 -4653
-3286 -256 -4653
-3286 -256 -4653
-3286 -256 -4653
-3286 -256 -4653
-3264 -255 -4665
-3264 -255 -4665
-3264 -255 -4665
-3264 -255 -4665
-3264 -255 -4665
-3264 -255 -4665
-3264 -255 -4665
-3264 -255 -4665
-3302 -257 -4636
-3302 -257 -4636
-3302 -257 -4636
-3302 -257 -4636
-3302 -257 -4636
-3302 -257 -4636
-3302 -257 -4636
-3302 -257 -4636
-3310 -233 -4689
-3310 -233 -4689
-3310 -233 -4689
-3310 -233 -4689
-3310 -233 -4689
-3310 -233 -4689
-3310 -233 -4689
-3310 -233 -4689
-3283 -208 -4670
-3283 -208 -4670
-3283 -208 -4670
-3283 -208 -4670
-3283 -208 -4670
-3283 -208 -4670
-3283 -208 -4670
-3283 -208 -4670
-3307 -257 -4675
-3307 -257 -4675
-3307 -257 -4675
-3307 -257 -4675
-3307 -257 -4675
-3307 -257 -4675
-3307 -257 -4675
-3307 -257 -4675
-3304 -240 -4677
-3304 -240 -4677
-3304 -240 -4677
-3304 -240 -4677
-3304 -240 -4677
-3304 -240 -4677
-3304 -240 -4677
-3304 -240 -4677
-3301 -218 -4579
-3301 -218 -4579
-3301 -218 -4579
-3301 -218 -4579
-3301 -218 -4579
-3301 -218 -4579
-3301 -218 -4579
-3301 -218 -4579
-3270 -249 -4712
-3270 -249 -4712
-3270 -249 -4712
-3270 -249 -4712
-3270 -249 -4712
-3270 -249 -4712
-3270 -249 -4712
-3270 -249 -4712
-3315 -249 -4702
-3315 -249 -4702
-3315 -249 -4702
-3315 -249 -4702
-3315 -249 -4702
-3315 -249 -4702
-3315 -249 -4702
-3315 -249 -4702
-3313 -222 -4724
-3313 -222 -4724
-3313 -222 -4724
-3313 -222 -4724
-3313 -222 -4724
-3313 -222 -4724
-3313 -222 -4724
-3313 -222 -4724
-3297 -267 -4701
-3297 -267 -4701
-3297 -267 -4701
-3297 -267 -4701
-3297 -267 -4701
-3297 -267 -4701
-3297 -267 -4701
-3297 -267 -4701
-3307 -230 -4683
-3307 -230 -4683
-3307 -230 -4683
-3307 -230 -4683
-3307 -230 -4683
-3307 -230 -4683
-3307 -230 -4683
-3307 -230 -4683
-3324 -232 -4720
-3324 -232 -4720
-3324 -232 -4720
-3324 -232 -4720
-3324 -232 -4720
-3324 -232 -4720
-3324 -232 -4720
-3324 -232 -4720
-3324 -251 -4684
-3324 -251 -4684
-3324 -251 -4684
-3324 -251 -4684
-3324 -251 -4684
-3324 -251 -4684
-3324 -251 -4684
-3324 -251 -4684
-3304 -209 -4640
-3304 -209 -4640
-3304 -209 -4640
-3304 -209 -4640
-3304 -209 -4640
-3304 -209 -4640
-3304 -209 -4640
-3304 -209 -4640
-3298 -253 -4651
-3298 -253 -4651
-3298 -253 -4651
-3298 -253 -4651
-3298 -253 -4651
-3298 -253 -4651
-3298 -253 -4651
-3298 -253 -4651
-3283 -248 -4664
-3283 -248 -4664
-3283 -248 -4664
-3283 -248 -4664
-3283 -248 -4664
-3283 -248 -4664
-3283 -248 -4664
-3283 -248 -4664
-3319 -242 -4677
-3319 -242 -4677
-3319 -242 -4677
-3319 -242 -4677
-3319 -242 -4677
-3319 -242 -4677
-3319 -242 -4677
-3319 -242 -4677
-3300 -256 -4673
-3300 -256 -4673
-3300 -256 -4673
-3300 -256 -4673
-3300 -256 -4673
-3300 -256 -4673
-3300 -256 -4673
-3307 -246 -4647
-3307 -246 -4647
-3307 -246 -4647
-3307 -246 -4647
-3307 -246 -4647
-3307 -246 -4647
-3307 -246 -4647
-3307 -246 -4647
-3301 -272 -4708
-3301 -272 -4708
-3301 -272 -4708
-3301 -272 -4708
-3301 -272 -4708
-3301 -272 -4708
-3301 -272 -4708
-3301 -272 -4708
-3290 -257 -4643
-3290 -257 -4643
-3290 -257 -4643
-3290 -257 -4643
-3290 -257 -4643
-3290 -257 -4643
-3290 -257 -4643
-3290 -257 -4643
-3300 -255 -4648
-3300 -255 -4648
-3300 -255 -4648
-3300 -255 -4648
-3300 -255 -4648
-3300 -255 -4648
-3300 -255 -4648
-3300 -255 -4648
-3307 -238 -4650
-3307 -238 -4650
-3307 -238 -4650
-3307 -238 -4650
-3307 -238 -4650
-3307 -238 -4650
-3307 -238 -4650
-3307 -238 -4650
-3328 -229 -4637
-3328 -229 -4637
-3328 -229 -4637
-3328 -229 -4637
-3328 -229 -4637
-3328 -229 -4637
-3328 -229 -4637
-3328 -229 -4637
-3272 -255 -4693
-3272 -255 -4693
-3272 -255 -4693
-3272 -255 -4693
-3272 -255 -4693
-3272 -255 -4693
-3272 -255 -4693
-3272 -255 -4693
-3275 -210 -4624
-3275 -210 -4624
-3275 -210 -4624
-3275 -210 -4624
-3275 -210 -4624
-3275 -210 -4624
-3275 -210 -4624
-3275 -210 -4624
-3275 -249 -4674
-3275 -249 -4674
-3275 -249 -4674
-3275 -249 -4674
-3275 -249 -4674
-3275 -249 -4674
-3275 -249 -4674
-3275 -249 -4674
-3261 -235 -4633
-3261 -235 -4633
-3261 -235 -4633
-3261 -235 -4633
-3261 -235 -4633
-3261 -235 -4633
-3261 -235 -4633
-3261 -235 -4633
-3314 -260 -4602
-3314 -260 -4602
-3314 -260 -4602
-3314 -260 -4602
-3314 -260 -4602
-3314 -260 -4602
-3314 -260 -4602
-3314 -260 -4602
-3290 -242 -4680
-3290 -242 -4680
-3290 -242 -4680
-3290 -242 -4680
-3290 -242 -4680
-3290 -242 -4680
-3290 -242 -4680
-3290 -242 -4680
-3285 -244 -4678
-3285 -244 -4678
-3285 -244 -4678
-3285 -244 -4678
-3285 -244 -4678
-3285 -244 -4678
-3285 -244 -4678
-3285 -244 -4678
-3323 -231 -4685
-3323 -231 -4685
-3323 -231 -4685
-3323 -231 -4685
-3323 -231 -4685
-3323 -231 -4685
-3323 -231 -4685
-3323 -231 -4685
-3293 -265 -4687
-3293 -265 -4687
-3293 -265 -4687
-3293 -265 -4687
-3293 -265 -4687
-3293 -265 -4687
-3293 -265 -4687
-3293 -265 -4687
-3297 -257 -4704
-3297 -257 -4704
-3297 -257 -4704
-3297 -257 -4704
-3297 -257 -4704
-3297 -257 -4704
-3297 -257 -4704
-3297 -257 -4704
-3281 -245 -4666
-3281 -245 -4666
-3281 -245 -4666
-3281 -245 -4666
-3281 -245 -4666
-3281 -245 -4666
-3281 -245 -4666
-3281 -245 -4666
-3272 -292 -4666
-3272 -292 -4666
-3272 -292 -4666
-3272 -292 -4666
-3272 -292 -4666
-3272 -292 -4666
-3272 -292 -4666
-3272 -292 -4666
-3289 -243 -4612
-3289 -243 -4612
-3289 -243 -4612
-3289 -243 -4612
-3289 -243 -4612
-3289 -243 -4612
-3289 -243 -4612
-3289 -243 -4612
-3292 -240 -4676
-3292 -240 -4676
-3292 -240 -4676
-3292 -240 -4676
-3292 -240 -4676
-3292 -240 -4676
-3292 -240 -4676
-3292 -240 -4676
-3263 -204 -4637
-3263 -204 -4637
-3263 -204 -4637
-3263 -204 -4637
-3263 -204 -4637
-3263 -204 -4637
-3263 -204 -4637
-3263 -204 -4637
-3251 -238 -4679
-3251 -238 -4679
-3251 -238 -4679
-3251 -238 -4679
-3251 -238 -4679
-3251 -238 -4679
-3251 -238 -4679
-3251 -238 -4659
-3280 -232 -4659
-3280 -232 -4659
-3280 -232 -4659
-3280 -232 -4659
-3280 -232 -4659
-3280 -232 -4659
-3280 -232 -4659
-3289 -267 -4632
-3289 -267 -4632
-3289 -267 -4632
-3289 -267 -4632
-3289 -267 -4632
-3289 -267 -4632
-3289 -267 -4632
-3289 -267 -4632
-3283 -259 -4631
-3283 -259 -4631
-3283 -259 -4631
-3283 -259 -4631
-3283 -259 -4631
-3283 -259 -4631
-3283 -259 -4631
-3283 -259 -4631
-3283 -221 -4652
-3283 -221 -4652
-3283 -221 -4652
-3283 -221 -4652
-3283 -221 -4652
-3283 -221 -4652
-3283 -221 -4652
-3283 -221 -4652
-3283 -229 -4693
-3283 -229 -4693
-3283 -229 -4693
-3283 -229 -4693
-3283 -229 -4693
-3283 -229 -4693
-3283 -229 -4693
-3283 -229 -4693
-3263 -247 -4666
-3263 -247 -4666
-3263 -247 -4666
-3263 -247 -4666
-3263 -247 -4666
-3263 -247 -4666
-3263 -247 -4666
-3263 -247 -4666
-3268 -258 -4717
-3268 -258 -4717
-3268 -258 -4717
-3268 -258 -4717
-3268 -258 -4717
-3268 -258 -4717
-3268 -258 -4717
-3268 -258 -4717
-3281 -249 -4717
-3281 -249 -4717
-3281 -249 -4717
-3281 -249 -4717
-3281 -249 -4717
-3281 -249 -4717
-3281 -249 -4717
-3281 -249 -4717
-3301 -227 -4679
-3301 -227 -4679
-3301 -227 -4679
-3301 -227 -4679
-3301 -227 -4679
-3301 -227 -4679
-3301 -227 -4679
-3301 -227 -4679
-3293 -233 -4671
-3293 -233 -4671
-3293 -233 -4671
-3293 -233 -4671
-3293 -233 -4671
-3293 -233 -4671
-3293 -233 -4671
-3293 -233 -4671
-3274 -207 -4680
-3274 -207 -4680
-3274 -207 -4680
-3274 -207 -4680
-3274 -207 -4680
-3274 -207 -4680
-3274 -207 -4680
-3274 -207 -4680
-3292 -188 -4656
-3292 -188 -4656
-3292 -188 -4656
-3292 -188 -4656
-3292 -188 -4656
-3292 -188 -4656
-3292 -188 -4656
-3292 -188 -4656
-3281 -224 -4673
-3281 -224 -4673
-3281 -224 -4673
-3281 -224 -4673
-3281 -224 -4673
-3281 -224 -4673
-3281 -224 -4673
-3281 -224 -4673
-3281 -221 -4661
-3281 -221 -4661
-3281 -221 -4661
-3281 -221 -4661
-3281 -221 -4661
-3281 -221 -4661
-3281 -221 -4661
-3281 -221 -4661
-3293 -238 -4664
-3293 -238 -4664
-3293 -238 -4664
-3293 -238 -4664
-3293 -238 -4664
-3293 -238 -4664
-3293 -238 -4664
-3293 -238 -4664
-3289 -238 -4650
-3289 -238 -4650
-3289 -238 -4650
-3289 -238 -4650
-3289 -238 -4650
-3289 -238 -4650
-3289 -238 -4650
-3289 -238 -4650
-3296 -207 -4669
-3296 -207 -4669
-3296 -207 -4669
-3296 -207 -4669
-3296 -207 -4669
-3296 -207 -4669
-3296 -207 -4669
-3296 -207 -4669
-3274 -230 -4649
-3274 -230 -4649
-3274 -230 -4649
-3274 -230 -4649
-3274 -230 -4649
-3274 -230 -4649
-3274 -230 -4649
-3274 -230 -4649
-3318 -220 -4677
-3318 -220 -4677
-3318 -220 -4677
-3318 -220 -4677
-3318 -220 -4677
-3318 -220 -4677
-3318 -220 -4677
-3318 -220 -4677
-3296 -240 -4722
-3296 -240 -4722
-3296 -240 -4722
-3296 -240 -4722
-3296 -240 -4722
-3296 -240 -4722
-3296 -240 -4722
-3296 -240 -4722
-3279 -247 -4721
-3279 -247 -4721
-3279 -247 -4721
-3279 -247 -4721
-3279 -247 -4721
-3279 -247 -4721
-3279 -247 -4721
-3279 -247 -4721
-3260 -225 -4735
-3260 -225 -4735
-3260 -225 -4735
-3260 -225 -4735
-3260 -225 -4735
-3260 -225 -4735
-3260 -225 -4735
-3260 -225 -4735
-3239 -233 -4668
-3239 -233 -4668
-3239 -233 -4668
-3239 -233 -4668
-3239 -233 -4668
-3239 -233 -4668
-3239 -233 -4668
-3239 -233 -4668
-3299 -263 -4689
-3299 -263 -4689
-3299 -263 -4689
-3299 -263 -4689
-3299 -263 -4689
-3299 -263 -4689
-3299 -263 -4689
-3299 -263 -4689
-3298 -222 -4629
-3298 -222 -4629
-3298 -222 -4629
-3298 -222 -4629
-3298 -222 -4629
-3298 -222 -4629
-3298 -222 -4629
-3298 -222 -4729
-3264 -220 -4729
-3264 -220 -4729
-3264 -220 -4729
-3264 -220 -4729
-3264 -220 -4729
-3264 -220 -4729
-3264 -220 -4729
-3285 -198 -4714
-3285 -198 -4714
-3285 -198 -4714
-3285 -198 -4714
-3285 -198 -4714
-3285 -198 -4714
-3285 -198 -4714
-3285 -198 -4714
-3306 -225 -4665
-3306 -225 -4665
-3306 -225 -4665
-3306 -225 -4665
-3306 -225 -4665
-3306 -225 -4665
-3306 -225 -4665
-3306 -225 -4665
-3322 -227 -4690
-3322 -227 -4690
-3322 -227 -4690
-3322 -227 -4690
-3322 -227 -4690
-3322 -227 -4690
-3322 -227 -4690
-3322 -227 -4690
-3295 -232 -4735
-3295 -232 -4735
-3295 -232 -4735
-3295 -232 -4735
-3295 -232 -4735
-3295 -232 -4735
-3295 -232 -4735
-3295 -232 -4735
-3303 -226 -4658
-3303 -226 -4658
-3303 -226 -4658
-3303 -226 -4658
-3303 -226 -4658
-3303 -226 -4658
-3303 -226 -4658
-3303 -226 -4658
-3332 -237 -4672
-3332 -237 -4672
-3332 -237 -4672
-3332 -237 -4672
-3332 -237 -4672
-3332 -237 -4672
-3332 -237 -4672
-3332 -237 -4672
-3276 -224 -4620
-3276 -224 -4620
-3276 -224 -4620
-3276 -224 -4620
-3276 -224 -4620
-3276 -224 -4620
-3276 -224 -4620
-3276 -224 -4620
-3322 -231 -4654
-3322 -231 -4654
-3322 -231 -4654
-3322 -231 -4654
-3322 -231 -4654
-3322 -231 -4654
-3322 -231 -4654
-3322 -231 -4654
-3298 -240 -4639
-3298 -240 -4639
-3298 -240 -4639
-3298 -240 -4639
-3298 -240 -4639
-3298 -240 -4639
-3298 -240 -4639
-3298 -240 -4639
-3309 -233 -4636
-3309 -233 -4636
-3309 -233 -4636
-3309 -233 -4636
-3309 -233 -4636
-3309 -233 -4636
-3309 -233 -4636
-3309 -233 -4636
-3279 -230 -4617
-3279 -230 -4617
-3279 -230 -4617
-3279 -230 -4617
-3279 -230 -4617
-3279 -230 -4617
-3279 -230 -4617
-3279 -230 -4617
-3319 -239 -4642
-3319 -239 -4642
-3319 -239 -4642
-3319 -239 -4642
-3319 -239 -4642
-3319 -239 -4642
-3319 -239 -4642
-3319 -239 -4642
-3295 -225 -4610
-3295 -225 -4610
-3295 -225 -4610
-3295 -225 -4610
-3295 -225 -4610
-3295 -225 -4610
-3295 -225 -4610
-3295 -225 -4610
-3296 -247 -4645
-3296 -247 -4645
-3296 -247 -4645
-3296 -247 -4645
-3296 -247 -4645
-3296 -247 -4645
-3296 -247 -4645
-3296 -247 -4645
-3268 -223 -4687
-3268 -223 -4687
-3268 -223 -4687
-3268 -223 -4687
-3268 -223 -4687
-3268 -223 -4687
-3268 -223 -4687
-3268 -223 -4687
-3264 -209 -4656
-3264 -209 -4656
-3264 -209 -4656
-3264 -209 -4656
-3264 -209 -4656
-3264 -209 -4656
-3264 -209 -4656
-3264 -209 -4656
-3294 -213 -4612
-3294 -213 -4612
-3294 -213 -4612
-3294 -213 -4612
-3294 -213 -4612
-3294 -213 -4612
-3294 -213 -4612
-3294 -213 -4612
-3307 -218 -4654
-3307 -218 -4654
-3307 -218 -4654
-3307 -218 -4654
-3307 -218 -4654
-3307 -218 -4654
-3307 -218 -4654
-3307 -218 -4654
-3270 -236 -4640
-3270 -236 -4640
-3270 -236 -4640
-3270 -236 -4640
-3270 -236 -4640
-3270 -236 -4640
-3270 -236 -4640
-3270 -236 -4640
-3271 -257 -4618
-3271 -257 -4618
-3271 -257 -4618
-3271 -257 -4618
-3271 -257 -4618
-3271 -257 -4618
-3271 -257 -4618
-3271 -257 -4618
-3260 -255 -4688
-3260 -255 -4688
-3260 -255 -4688
-3260 -255 -4688
-3260 -255 -4688
-3260 -255 -4688
-3260 -255 -4688
-3260 -255 -4688
-3289 -226 -4630
-3289 -226 -4630
-3289 -226 -4630
-3289 -226 -4630
-3289 -226 -4630
-3289 -226 -4630
-3289 -226 -4630
-3289 -226 -4630
-3291 -229 -4635
-3291 -229 -4635
-3291 -229 -4635
-3291 -229 -4635
-3291 -229 -4635
-3291 -229 -4635
