xmag ymag zmag
1923 444 -1080
1954 441 -1101
1954 441 -1101
1954 441 -1101
1954 441 -1101
1954 441 -1101
1954 441 -1101
1954 441 -1101
1954 441 -1101
2206 308 -1394
2206 308 -1394
2206 308 -1394
2206 308 -1394
2206 308 -1394
2206 308 -1394
2206 308 -1394
2206 308 -1394
2382 170 -1773
2382 170 -1773
2382 170 -1773
2382 170 -1773
2382 170 -1773
2382 170 -1773
2382 170 -1773
2382 170 -1773
2515 66 -2084
2515 66 -2084
2515 66 -2084
2515 66 -2084
2515 66 -2084
2515 66 -2084
2515 66 -2084
2515 66 -2084
2617 -30 -2442
2617 -30 -2442
2617 -30 -2442
2617 -30 -2442
2617 -30 -2442
2617 -30 -2442
2617 -30 -2442
2617 -30 -2442
2652 10 -2838
2652 10 -2838
2652 10 -2838
2652 10 -2838
2652 10 -2838
2652 10 -2838
2652 10 -2838
2652 10 -2838
2690 163 -3164
2690 163 -3164
2690 163 -3164
2690 163 -3164
2690 163 -3164
2690 163 -3164
2690 163 -3164
2690 163 -3420
2668 244 -3441
2668 244 -3441
2668 244 -3441
2668 244 -3441
2668 244 -3441
2668 244 -3441
2668 244 -3441
2668 209 -3610
2677 209 -3610
2677 209 -3610
2677 209 -3610
2677 209 -3610
2677 209 -3610
2677 209 -3610
2677 209 -3610
2619 187 -3837
2619 187 -3837
2619 187 -3837
2619 187 -3837
2619 187 -3837
2619 187 -3837
2619 187 -3837
2619 187 -3837
2524 249 -4169
2524 249 -4169
2524 249 -4169
2524 249 -4169
2524 249 -4169
2524 249 -4169
2524 249 -4169
2524 249 -4169
2391 360 -4573
2391 360 -4573
2391 360 -4573
2391 360 -4573
2391 360 -4573
2391 360 -4573
2391 360 -4573
2391 360 -4573
2243 552 -4929
2243 552 -4929
2243 552 -4929
2243 552 -4929
2243 552 -4929
2243 552 -4929
2243 552 -4929
2243 552 -4929
2092 662 -5140
2092 662 -5140
2092 662 -5140
2092 662 -5140
2092 662 -5140
2092 662 -5140
2092 662 -5140
2092 662 -5140
2023 627 -5218
2023 627 -5218
2023 627 -5218
2023 627 -5218
2023 627 -5218
2023 627 -5218
2023 627 -5218
2023 627 -5218
1940 670 -5308
1940 670 -5308
1940 670 -5308
1940 670 -5308
1940 670 -5308
1940 670 -5308
1940 670 -5308
1940 670 -5308
1819 759 -5440
1819 759 -5440
1819 759 -5440
1819 759 -5440
1819 759 -5440
1819 759 -5440
1819 759 -5440
1819 759 -5440
1670 760 -5603
1670 760 -5603
1670 760 -5603
1670 760 -5603
1670 760 -5603
1670 760 -5603
1670 760 -5603
1670 760 -5603
1556 924 -5700
1556 924 -5700
1556 924 -5700
1556 924 -5700
1556 924 -5700
1556 924 -5700
1556 924 -5700
1556 924 -5700
1427 1011 -5805
1427 1011 -5805
1427 1011 -5805
1427 1011 -5805
1427 1011 -5805
1427 1011 -5805
1427 1011 -5805
1427 1011 -5805
1242 1021 -5935
1242 1021 -5935
1242 1021 -5935
1242 1021 -5935
1242 1021 -5935
1242 1021 -5935
1242 1021 -5935
1242 1021 -5935
963 1072 -6164
963 1072 -6164
963 1072 -6164
963 1072 -6164
963 1072 -6164
963 1072 -6164
963 1072 -6164
963 1072 -6164
604 1089 -6342
604 1089 -6342
604 1089 -6342
604 1089 -6342
604 1089 -6342
604 1089 -6342
604 1089 -6342
604 1089 -6342
162 1039 -6473
162 1039 -6473
162 1039 -6473
162 1039 -6473
162 1039 -6473
162 1039 -6473
162 1039 -6473
162 1039 -6473
-420 894 -6580
-420 894 -6580
-420 894 -6580
-420 894 -6580
-420 894 -6580
-420 894 -6580
-420 894 -6580
-420 894 -6580
-990 792 -6623
-990 792 -6623
-990 792 -6623
-990 792 -6623
-990 792 -6623
-990 792 -6623
-990 792 -6623
-990 792 -6623
-1508 800 -6581
-1508 800 -6581
-1508 800 -6581
-1508 800 -6581
-1508 800 -6581
-1508 800 -6581
-1508 800 -6581
-1508 800 -6581
-1967 692 -6377
-1967 692 -6377
-1967 692 -6377
-1967 692 -6377
-1967 692 -6377
-1967 692 -6377
-1967 692 -6377
-1967 692 -6377
-2395 651 -6182
-2395 651 -6182
-2395 651 -6182
-2395 651 -6182
-2395 651 -6182
-2395 651 -6182
-2395 651 -6182
-2395 651 -6182
-2752 667 -6013
-2752 667 -6013
-2752 667 -6013
-2752 667 -6013
-2752 667 -6013
-2752 667 -6013
-2752 667 -6013
-2752 667 -6013
-3021 763 -5722
-3021 763 -5722
-3021 763 -5722
-3021 763 -5722
-3021 763 -5722
-3021 763 -5722
-3021 763 -5722
-3021 763 -5722
-3428 959 -5400
-3428 959 -5400
-3428 959 -5400
-3428 959 -5400
-3428 959 -5400
-3428 959 -5400
-3428 959 -5400
-3428 959 -5400
-3754 1240 -4857
-3754 1240 -4857
-3754 1240 -4857
-3754 1240 -4857
-3754 1240 -4857
-3754 1240 -4857
-3754 1240 -4857
-3754 1240 -4857
-3927 1448 -4427
-3927 1448 -4427
-3927 1448 -4427
-3927 1448 -4427
-3927 1448 -4427
-3927 1448 -4427
-3927 1448 -4427
-3927 1448 -4427
-4049 1551 -4243
-4049 1551 -4243
-4049 1551 -4243
-4049 1551 -4243
-4049 1551 -4243
-4049 1551 -4243
-4049 1551 -4243
-4049 1551 -4243
-3998 1757 -4172
-3998 1757 -4172
-3998 1757 -4172
-3998 1757 -4172
-3998 1757 -4172
-3998 1757 -4172
-3998 1757 -4172
-3998 1757 -4172
-3977 2023 -4083
-3977 2023 -4083
-3977 2023 -4083
-3977 2023 -4083
-3977 2023 -4083
-3977 2023 -4083
-3977 2023 -4083
-3977 2023 -4083
-3941 2200 -3859
-3941 2200 -3859
-3941 2200 -3859
-3941 2200 -3859
-3941 2200 -3859
-3941 2200 -3859
-3941 2200 -3859
-3941 2200 -3859
-3910 2282 -3682
-3910 2282 -3682
-3910 2282 -3682
-3910 2282 -3682
-3910 2282 -3682
-3910 2282 -3682
-3910 2282 -3682
-3910 2282 -3682
-3939 2350 -3582
-3939 2350 -3582
-3939 2350 -3582
-3939 2350 -3582
-3939 2350 -3582
-3939 2350 -3582
-3939 2350 -3582
-3909 2389 -3487
-3909 2389 -3487
-3909 2389 -3487
-3909 2389 -3487
-3909 2389 -3487
-3909 2389 -3487
-3909 2389 -3487
-3909 2389 -3487
-3827 2531 -3220
-3827 2531 -3220
-3827 2531 -3220
-3827 2531 -3220
-3827 2531 -3220
-3827 2531 -3220
-3827 2531 -3220
-3827 2531 -3220
-3777 2630 -3043
-3777 2630 -3043
-3777 2630 -3043
-3777 2630 -3043
-3777 2630 -3043
-3777 2630 -3043
-3777 2630 -3043
-3777 2630 -3043
-3707 2734 -2804
-3707 2734 -2804
-3707 2734 -2804
-3707 2734 -2804
-3707 2734 -2804
-3707 2734 -2804
-3707 2734 -2804
-3707 2734 -2804
-3623 2714 -2544
-3623 2714 -2544
-3623 2714 -2544
-3623 2714 -2544
-3623 2714 -2544
-3623 2714 -2544
-3623 2714 -2544
-3623 2714 -2544
-3505 2744 -2180
-3505 2744 -2180
-3505 2744 -2180
-3505 2744 -2180
-3505 2744 -2180
-3505 2744 -2180
-3505 2744 -2180
-3505 2744 -2180
-3419 2690 -1942
-3419 2690 -1942
-3419 2690 -1942
-3419 2690 -1942
-3419 2690 -1942
-3419 2690 -1942
-3419 2690 -1942
-3419 2690 -1942
-3326 2589 -1678
-3326 2589 -1678
-3326 2589 -1678
-3326 2589 -1678
-3326 2589 -1678
-3326 2589 -1678
-3326 2589 -1678
-3326 2589 -1678
-3292 2403 -1443
-3292 2403 -1443
-3292 2403 -1443
-3292 2403 -1443
-3292 2403 -1443
-3292 2403 -1443
-3292 2403 -1443
-3292 2403 -1443
-3329 2224 -1410
-3329 2224 -1410
-3329 2224 -1410
-3329 2224 -1410
-3329 2224 -1410
-3329 2224 -1410
-3329 2224 -1410
-3329 2224 -1410
-3544 2026 -1645
-3544 2026 -1645
-3544 2026 -1645
-3544 2026 -1645
-3544 2026 -1645
-3544 2026 -1645
-3544 2026 -1645
-3544 2026 -1645
-3852 1874 -2095
-3852 1874 -2095
-3852 1874 -2095
-3852 1874 -2095
-3852 1874 -2095
-3852 1874 -2095
-3852 1874 -2095
-3852 1874 -2095
-3955 1765 -2207
-3955 1765 -2207
-3955 1765 -2207
-3955 1765 -2207
-3955 1765 -2207
-3955 1765 -2207
-3955 1765 -2207
-3955 1765 -2207
-3925 1864 -2218
-3925 1864 -2218
-3925 1864 -2218
-3925 1864 -2218
-3925 1864 -2218
-3925 1864 -2218
-3925 1864 -2218
-3925 1864 -2218
-3869 1958 -2163
-3869 1958 -2163
-3869 1958 -2163
-3869 1958 -2163
-3869 1958 -2163
-3869 1958 -2163
-3869 1958 -2163
-3869 1958 -2163
-3862 1964 -2152
-3862 1964 -2152
-3862 1964 -2152
-3862 1964 -2152
-3862 1964 -2152
-3862 1964 -2152
-3862 1964 -2152
-3862 1964 -2152
-3805 1775 -1930
-3805 1775 -1930
-3805 1775 -1930
-3805 1775 -1930
-3805 1775 -1930
-3805 1775 -1930
-3805 1775 -1930
-3805 1775 -1930
-3690 1433 -1569
-3690 1433 -1569
-3690 1433 -1569
-3690 1433 -1569
-3690 1433 -1569
-3690 1433 -1569
-3690 1433 -1569
-3690 1433 -1569
-3539 1067 -1290
-3539 1067 -1290
-3539 1067 -1290
-3539 1067 -1290
-3539 1067 -1290
-3539 1067 -1290
-3539 1067 -1290
-3539 1067 -1290
-3503 841 -1208
-3503 841 -1208
-3503 841 -1208
-3503 841 -1208
-3503 841 -1208
-3503 841 -1208
-3503 841 -1208
-3503 841 -1208
-3536 868 -1258
-3536 868 -1258
-3536 868 -1258
-3536 868 -1258
-3536 868 -1258
-3536 868 -1258
-3536 868 -1258
-3536 868 -1258
-3598 900 -1362
-3598 900 -1362
-3598 900 -1362
-3598 900 -1362
-3598 900 -1362
-3598 900 -1362
-3598 900 -1362
-3598 900 -1362
-3620 925 -1491
-3620 925 -1491
-3620 925 -1491
-3620 925 -1491
-3620 925 -1491
-3620 925 -1491
-3620 925 -1491
-3620 925 -1491
-3684 946 -1538
-3684 946 -1538
-3684 946 -1538
-3684 946 -1538
-3684 946 -1538
-3684 946 -1538
-3684 946 -1538
-3684 946 -1538
-3669 1012 -1553
-3669 1012 -1553
-3669 1012 -1553
-3669 1012 -1553
-3669 1012 -1553
-3669 1012 -1553
-3669 1012 -1553
-3669 1012 -1553
-3748 1034 -1612
-3748 1034 -1612
-3748 1034 -1612
-3748 1034 -1612
-3748 1034 -1612
-3748 1034 -1612
-3748 1034 -1612
-3748 1034 -1612
-3816 999 -1701
-3816 999 -1701
-3816 999 -1701
-3816 999 -1701
-3816 999 -1701
-3816 999 -1701
-3816 999 -1701
-3816 999 -1701
-3841 976 -1780
-3841 976 -1780
-3841 976 -1780
-3841 976 -1780
-3841 976 -1780
-3841 976 -1780
-3841 976 -1780
-3841 976 -1780
-3880 913 -1943
-3880 913 -1943
-3880 913 -1943
-3880 913 -1943
-3880 913 -1943
-3880 913 -1943
-3880 913 -1943
-3880 913 -1943
-3952 864 -2137
-3952 864 -2137
-3952 864 -2137
-3952 864 -2137
-3952 864 -2137
-3952 864 -2137
-3952 864 -2137
-3952 864 -2137
-3942 801 -2172
-3942 801 -2172
-3942 801 -2172
-3942 801 -2172
-3942 801 -2172
-3942 801 -2172
-3942 801 -2172
-3900 627 -2210
-3900 627 -2210
-3900 627 -2210
-3900 627 -2210
-3900 627 -2210
-3900 627 -2210
-3900 627 -2210
-3900 627 -2210
-3937 476 -2262
-3937 476 -2262
-3937 476 -2262
-3937 476 -2262
-3937 476 -2262
-3937 476 -2262
-3937 476 -2262
-3937 476 -2262
-4029 579 -2419
-4029 579 -2419
-4029 579 -2419
-4029 579 -2419
-4029 579 -2419
-4029 579 -2419
-4029 579 -2419
-4029 579 -2419
-4056 774 -2579
-4056 774 -2579
-4056 774 -2579
-4056 774 -2579
-4056 774 -2579
-4056 774 -2579
-4056 774 -2579
-4056 774 -2579
-4110 981 -2571
-4110 981 -2571
-4110 981 -2571
-4110 981 -2571
-4110 981 -2571
-4110 981 -2571
-4110 981 -2571
-4110 981 -2571
-4079 1064 -2559
-4079 1064 -2559
-4079 1064 -2559
-4079 1064 -2559
-4079 1064 -2559
-4079 1064 -2559
-4079 1064 -2559
-4079 1064 -2559
-4079 1126 -2488
-4079 1126 -2488
-4079 1126 -2488
-4079 1126 -2488
-4079 1126 -2488
-4079 1126 -2488
-4079 1126 -2488
-4079 1126 -2488
-4090 1342 -2479
-4090 1342 -2479
-4090 1342 -2479
-4090 1342 -2479
-4090 1342 -2479
-4090 1342 -2479
-4090 1342 -2479
-4090 1342 -2479
-4040 1642 -2485
-4040 1642 -2485
-4040 1642 -2485
-4040 1642 -2485
-4040 1642 -2485
-4040 1642 -2485
-4040 1642 -2485
-4040 1642 -2485
-3956 1960 -2406
-3956 1960 -2406
-3956 1960 -2406
-3956 1960 -2406
-3956 1960 -2406
-3956 1960 -2406
-3956 1960 -2406
-3956 1960 -2406
-3741 2392 -2384
-3741 2392 -2384
-3741 2392 -2384
-3741 2392 -2384
-3741 2392 -2384
-3741 2392 -2384
-3741 2392 -2384
-3741 2392 -2384
-3449 3008 -2500
-3449 3008 -2500
-3449 3008 -2500
-3449 3008 -2500
-3449 3008 -2500
-3449 3008 -2500
-3449 3008 -2500
-3449 3008 -2500
-2986 3557 -2839
-2986 3557 -2839
-2986 3557 -2839
-2986 3557 -2839
-2986 3557 -2839
-2986 3557 -2839
-2986 3557 -2839
-2986 3557 -2839
-2446 3865 -3450
-2446 3865 -3450
-2446 3865 -3450
-2446 3865 -3450
-2446 3865 -3450
-2446 3865 -3450
-2446 3865 -3450
-2446 3865 -3450
-2023 3979 -4078
-2023 3979 -4078
-2023 3979 -4078
-2023 3979 -4078
-2023 3979 -4078
-2023 3979 -4078
-2023 3979 -4078
-2023 3979 -4078
-1495 3820 -4694
-1495 3820 -4694
-1495 3820 -4694
-1495 3820 -4694
-1495 3820 -4694
-1495 3820 -4694
-1495 3820 -4694
-1495 3820 -4694
-1111 3604 -5144
-1111 3604 -5144
-1111 3604 -5144
-1111 3604 -5144
-1111 3604 -5144
-1111 3604 -5144
-1111 3604 -5144
-1111 3604 -5144
-848 3311 -5522
-848 3311 -5522
-848 3311 -5522
-848 3311 -5522
-848 3311 -5522
-848 3311 -5522
-848 3311 -5522
-848 3311 -5522
-734 2730 -5978
-734 2730 -5978
-734 2730 -5978
-734 2730 -5978
-734 2730 -5978
-734 2730 -5978
-734 2730 -5978
-734 2730 -5978
-759 2093 -6363
-759 2093 -6363
-759 2093 -6363
-759 2093 -6363
-759 2093 -6363
-759 2093 -6363
-759 2093 -6363
-759 2093 -6363
-696 1081 -6568
-696 1081 -6568
-696 1081 -6568
-696 1081 -6568
-696 1081 -6568
-696 1081 -6568
-696 1081 -6568
-696 1081 -6568
-819 951 -6600
-819 951 -6600
-819 951 -6600
-819 951 -6600
-819 951 -6600
-819 951 -6600
-819 951 -6600
-819 951 -6600
-921 680 -6581
-921 680 -6581
-921 680 -6581
-921 680 -6581
-921 680 -6581
-921 680 -6581
-921 680 -6581
-921 680 -6581
-894 307 -6520
-894 307 -6520
-894 307 -6520
-894 307 -6520
-894 307 -6520
-894 307 -6520
-894 307 -6520
-894 307 -6520
-1053 14 -6447
-1053 14 -6447
-1053 14 -6447
-1053 14 -6447
-1053 14 -6447
-1053 14 -6447
-1053 14 -6447
-1053 14 -6447
-1202 -280 -6338
-1202 -280 -6338
-1202 -280 -6338
-1202 -280 -6338
-1202 -280 -6338
-1202 -280 -6338
-1202 -280 -6338
-1202 -280 -6338
-1245 -524 -6225
-1245 -524 -6225
-1245 -524 -6225
-1245 -524 -6225
-1245 -524 -6225
-1245 -524 -6225
-1245 -524 -6225
-1245 -524 -6225
-1415 -710 -6077
-1415 -710 -6077
-1415 -710 -6077
-1415 -710 -6077
-1415 -710 -6077
-1415 -710 -6077
-1415 -710 -6077
-1415 -710 -6077
-1567 -1017 -5882
-1567 -1017 -5882
-1567 -1017 -5882
-1567 -1017 -5882
-1567 -1017 -5882
-1567 -1017 -5882
-1567 -1017 -5882
-1567 -1017 -5882
-1714 -1308 -5512
-1714 -1308 -5512
-1714 -1308 -5512
-1714 -1308 -5512
-1714 -1308 -5512
-1714 -1308 -5512
-1714 -1308 -5512
-1714 -1308 -5512
-1683 -1628 -5157
-1683 -1628 -5157
-1683 -1628 -5157
-1683 -1628 -5157
-1683 -1628 -5157
-1683 -1628 -5157
-1683 -1628 -5157
-1683 -1628 -5157
-1451 -1948 -4796
-1451 -1948 -4796
-1451 -1948 -4796
-1451 -1948 -4796
-1451 -1948 -4796
-1451 -1948 -4796
-1451 -1948 -4796
-1451 -2012 -4810
-1268 -2012 -4810
-1268 -2012 -4810
-1268 -2012 -4810
-1268 -2012 -4810
-1268 -2012 -4810
-1268 -2012 -4810
-1268 -2012 -4810
-1175 -2073 -4710
-1175 -2073 -4710
-1175 -2073 -4710
-1175 -2073 -4710
-1175 -2073 -4710
-1175 -2073 -4710
-1175 -2073 -4710
-1175 -2073 -4710
-1186 -2135 -4558
-1186 -2135 -4558
-1186 -2135 -4558
-1186 -2135 -4558
-1186 -2135 -4558
-1186 -2135 -4558
-1186 -2135 -4558
-1186 -2135 -4558
-1217 -2227 -4273
-1217 -2227 -4273
-1217 -2227 -4273
-1217 -2227 -4273
-1217 -2227 -4273
-1217 -2227 -4273
-1217 -2227 -4273
-1217 -2227 -4273
-1162 -2328 -4135
-1162 -2328 -4135
-1162 -2328 -4135
-1162 -2328 -4135
-1162 -2328 -4135
-1162 -2328 -4135
-1162 -2328 -4135
-1162 -2328 -4135
-1280 -2293 -4113
-1280 -2293 -4113
-1280 -2293 -4113
-1280 -2293 -4113
-1280 -2293 -4113
-1280 -2293 -4113
-1280 -2293 -4113
-1280 -2293 -4113
-1451 -2239 -4096
-1451 -2239 -4096
-1451 -2239 -4096
-1451 -2239 -4096
-1451 -2239 -4096
-1451 -2239 -4096
-1451 -2239 -4096
-1451 -2239 -4096
-1610 -2249 -4041
-1610 -2249 -4041
-1610 -2249 -4041
-1610 -2249 -4041
-1610 -2249 -4041
-1610 -2249 -4041
-1610 -2249 -4041
-1610 -2249 -4041
-1846 -2194 -3703
-1846 -2194 -3703
-1846 -2194 -3703
-1846 -2194 -3703
-1846 -2194 -3703
-1846 -2194 -3703
-1846 -2194 -3703
-1846 -2194 -3703
-2024 -2167 -3319
-2024 -2167 -3319
-2024 -2167 -3319
-2024 -2167 -3319
-2024 -2167 -3319
-2024 -2167 -3319
-2024 -2167 -3319
-2024 -2167 -3319
-2062 -2083 -2943
-2062 -2083 -2943
-2062 -2083 -2943
-2062 -2083 -2943
-2062 -2083 -2943
-2062 -2083 -2943
-2062 -2083 -2943
-2062 -2083 -2943
-1959 -2107 -2626
-1959 -2107 -2626
-1959 -2107 -2626
-1959 -2107 -2626
-1959 -2107 -2626
-1959 -2107 -2626
-1959 -2107 -2626
-1959 -2107 -2626
-1761 -2127 -2470
-1761 -2127 -2470
-1761 -2127 -2470
-1761 -2127 -2470
-1761 -2127 -2470
-1761 -2127 -2470
-1761 -2127 -2470
-1761 -2127 -2470
-1458 -2171 -2120
-1458 -2171 -2120
-1458 -2171 -2120
-1458 -2171 -2120
-1458 -2171 -2120
-1458 -2171 -2120
-1458 -2171 -2120
-1458 -2171 -2120
-1135 -2116 -1785
-1135 -2116 -1785
-1135 -2116 -1785
-1135 -2116 -1785
-1135 -2116 -1785
-1135 -2116 -1785
-1135 -2116 -1785
-1135 -2116 -1785
-648 -2071 -1540
-648 -2071 -1540
-648 -2071 -1540
-648 -2071 -1540
-648 -2071 -1540
-648 -2071 -1540
-648 -2071 -1540
-648 -2071 -1540
-130 -1936 -1399
-130 -1936 -1399
-130 -1936 -1399
-130 -1936 -1399
-130 -1936 -1399
-130 -1936 -1399
-130 -1936 -1399
-130 -1936 -1399
354 -1883 -1465
354 -1883 -1465
354 -1883 -1465
354 -1883 -1465
354 -1883 -1465
354 -1883 -1465
354 -1883 -1465
354 -1883 -1465
610 -1938 -1740
610 -1938 -1740
610 -1938 -1740
610 -1938 -1740
610 -1938 -1740
610 -1938 -1740
610 -1938 -1740
610 -1938 -1740
564 -2088 -1975
564 -2088 -1975
564 -2088 -1975
564 -2088 -1975
564 -2088 -1975
564 -2088 -1975
564 -2088 -1975
564 -2088 -1975
442 -2324 -2493
442 -2324 -2493
442 -2324 -2493
442 -2324 -2493
442 -2324 -2493
442 -2324 -2493
442 -2324 -2493
442 -2324 -2493
348 -2465 -3026
348 -2465 -3026
348 -2465 -3026
348 -2465 -3026
348 -2465 -3026
348 -2465 -3026
348 -2465 -3026
348 -2465 -3026
112 -2514 -3618
112 -2514 -3618
112 -2514 -3618
112 -2514 -3618
112 -2514 -3618
112 -2514 -3618
112 -2514 -3618
112 -2514 -3618
-42 -2349 -4362
-42 -2349 -4362
-42 -2349 -4362
-42 -2349 -4362
-42 -2349 -4362
-42 -2349 -4362
-42 -2349 -4362
-42 -2349 -4362
-61 -1878 -5246
-61 -1878 -5246
-61 -1878 -5246
-61 -1878 -5246
-61 -1878 -5246
-61 -1878 -5246
-61 -1878 -5246
-61 -1878 -5246
-107 -1385 -5706
-107 -1385 -5706
-107 -1385 -5706
-107 -1385 -5706
-107 -1385 -5706
-107 -1385 -5706
-107 -1385 -5706
-107 -1385 -5706
-163 -1003 -5992
-163 -1003 -5992
-163 -1003 -5992
-163 -1003 -5992
-163 -1003 -5992
-163 -1003 -5992
-163 -1003 -5992
-163 -1003 -5992
-280 -355 -6383
-280 -355 -6383
-280 -355 -6383
-280 -355 -6383
-280 -355 -6383
-280 -355 -6383
-280 -355 -6383
-280 -355 -6588
-387 533 -6588
-387 533 -6588
-387 533 -6588
-387 533 -6588
-387 533 -6588
-387 533 -6588
-387 533 -6588
-562 1166 -6631
-562 1166 -6631
-562 1166 -6631
-562 1166 -6631
-562 1166 -6631
-562 1166 -6631
-562 1166 -6631
-562 1166 -6631
-859 1732 -6533
-859 1732 -6533
-859 1732 -6533
-859 1732 -6533
-859 1732 -6533
-859 1732 -6533
-859 1732 -6533
-859 1732 -6533
-837 1958 -6425
-837 1958 -6425
-837 1958 -6425
-837 1958 -6425
-837 1958 -6425
-837 1958 -6425
-837 1958 -6425
-837 1958 -6425
-599 2390 -6294
-599 2390 -6294
-599 2390 -6294
-599 2390 -6294
-599 2390 -6294
-599 2390 -6294
-599 2390 -6294
-599 2390 -6294
-214 3008 -5809
-214 3008 -5809
-214 3008 -5809
-214 3008 -5809
-214 3008 -5809
-214 3008 -5809
-214 3008 -5809
-214 3008 -5809
160 3136 -5579
160 3136 -5579
160 3136 -5579
160 3136 -5579
160 3136 -5579
160 3136 -5579
160 3136 -5579
160 3136 -5579
390 3006 -5518
390 3006 -5518
390 3006 -5518
390 3006 -5518
390 3006 -5518
390 3006 -5518
390 3006 -5518
390 3006 -5518
371 3176 -5346
371 3176 -5346
371 3176 -5346
371 3176 -5346
371 3176 -5346
371 3176 -5346
371 3176 -5346
371 3176 -5346
478 3233 -5171
478 3233 -5171
478 3233 -5171
478 3233 -5171
478 3233 -5171
478 3233 -5171
478 3233 -5171
478 3233 -5171
673 3312 -4904
673 3312 -4904
673 3312 -4904
673 3312 -4904
673 3312 -4904
673 3312 -4904
673 3312 -4904
673 3312 -4904
885 3298 -4691
885 3298 -4691
885 3298 -4691
885 3298 -4691
885 3298 -4691
885 3298 -4691
885 3298 -4691
885 3298 -4691
961 3320 -4501
961 3320 -4501
961 3320 -4501
961 3320 -4501
961 3320 -4501
961 3320 -4501
961 3320 -4501
961 3320 -4501
980 3363 -4493
980 3363 -4493
980 3363 -4493
980 3363 -4493
980 3363 -4493
980 3363 -4493
980 3363 -4493
980 3363 -4493
900 3408 -4494
900 3408 -4494
900 3408 -4494
900 3408 -4494
900 3408 -4494
900 3408 -4494
900 3408 -4494
900 3408 -4494
858 3503 -4345
858 3503 -4345
858 3503 -4345
858 3503 -4345
858 3503 -4345
858 3503 -4345
858 3503 -4345
858 3503 -4345
507 3773 -4216
507 3773 -4216
507 3773 -4216
507 3773 -4216
507 3773 -4216
507 3773 -4216
507 3773 -4216
507 3773 -4216
323 3972 -3920
323 3972 -3920
323 3972 -3920
323 3972 -3920
323 3972 -3920
323 3972 -3920
323 3972 -3920
323 3972 -3920
452 3926 -3530
452 3926 -3530
452 3926 -3530
452 3926 -3530
452 3926 -3530
452 3926 -3530
452 3926 -3530
452 3926 -3530
810 3813 -3020
810 3813 -3020
810 3813 -3020
810 3813 -3020
810 3813 -3020
810 3813 -3020
810 3813 -3020
810 3813 -3020
1180 3471 -2749
1180 3471 -2749
1180 3471 -2749
1180 3471 -2749
1180 3471 -2749
1180 3471 -2749
1180 3471 -2749
1180 3471 -2749
1569 3139 -2642
1569 3139 -2642
1569 3139 -2642
1569 3139 -2642
1569 3139 -2642
1569 3139 -2642
1569 3139 -2642
1569 3139 -2642
1812 2776 -2394
1812 2776 -2394
1812 2776 -2394
1812 2776 -2394
1812 2776 -2394
1812 2776 -2394
1812 2776 -2394
1812 2776 -2394
1914 2497 -1949
1914 2497 -1949
1914 2497 -1949
1914 2497 -1949
1914 2497 -1949
1914 2497 -1949
1914 2497 -1949
1914 2497 -1949
1837 2260 -1487
1837 2260 -1487
1837 2260 -1487
1837 2260 -1487
1837 2260 -1487
1837 2260 -1487
1837 2260 -1487
1837 2004 -1166
1646 1961 -1166
1646 1961 -1166
1646 1961 -1166
1646 1961 -1166
1646 1961 -1166
1646 1961 -1166
1646 1961 -1166
1546 1672 -891
1546 1672 -891
1546 1672 -891
1546 1672 -891
1546 1672 -891
1546 1672 -891
1546 1672 -891
1546 1672 -891
1390 1508 -707
1390 1508 -707
1390 1508 -707
1390 1508 -707
1390 1508 -707
1390 1508 -707
1390 1508 -707
1390 1508 -707
1237 1574 -584
1237 1574 -584
1237 1574 -584
1237 1574 -584
1237 1574 -584
1237 1574 -584
1237 1574 -584
1237 1574 -584
1128 1453 -499
1128 1453 -499
1128 1453 -499
1128 1453 -499
1128 1453 -499
1128 1453 -499
1128 1453 -499
1128 1453 -499
948 1343 -436
948 1343 -436
948 1343 -436
948 1343 -436
948 1343 -436
948 1343 -436
948 1343 -436
948 1343 -436
897 1574 -422
897 1574 -422
897 1574 -422
897 1574 -422
897 1574 -422
897 1574 -422
897 1574 -422
897 1574 -422
830 1884 -430
830 1884 -430
830 1884 -430
830 1884 -430
830 1884 -430
830 1884 -430
830 1884 -430
830 1884 -430
754 2229 -590
754 2229 -590
754 2229 -590
754 2229 -590
754 2229 -590
754 2229 -590
754 2229 -590
754 2229 -590
578 2475 -652
578 2475 -652
578 2475 -652
578 2475 -652
578 2475 -652
578 2475 -652
578 2475 -652
578 2475 -652
294 2876 -828
294 2876 -828
294 2876 -828
294 2876 -828
294 2876 -828
294 2876 -828
294 2876 -828
294 2876 -828
175 3296 -1285
175 3296 -1285
175 3296 -1285
175 3296 -1285
175 3296 -1285
175 3296 -1285
175 3296 -1285
175 3296 -1285
212 3546 -1578
212 3546 -1578
212 3546 -1578
212 3546 -1578
212 3546 -1578
212 3546 -1578
212 3546 -1578
212 3546 -1578
368 3805 -2325
368 3805 -2325
368 3805 -2325
368 3805 -2325
368 3805 -2325
368 3805 -2325
368 3805 -2325
368 3805 -2325
489 3865 -2737
489 3865 -2737
489 3865 -2737
489 3865 -2737
489 3865 -2737
489 3865 -2737
489 3865 -2737
489 3865 -2737
434 3833 -2644
434 3833 -2644
434 3833 -2644
434 3833 -2644
434 3833 -2644
434 3833 -2644
434 3833 -2644
434 3833 -2644
355 3792 -2238
355 3792 -2238
355 3792 -2238
355 3792 -2238
355 3792 -2238
355 3792 -2238
355 3792 -2238
355 3792 -2238
271 3825 -2129
271 3825 -2129
271 3825 -2129
271 3825 -2129
271 3825 -2129
271 3825 -2129
271 3825 -2129
271 3825 -2129
46 3898 -2295
46 3898 -2295
46 3898 -2295
46 3898 -2295
46 3898 -2295
46 3898 -2295
46 3898 -2295
46 3898 -2295
-234 4053 -2471
-234 4053 -2471
-234 4053 -2471
-234 4053 -2471
-234 4053 -2471
-234 4053 -2471
-234 4053 -2471
-234 4053 -2471
-727 4122 -2475
-727 4122 -2475
-727 4122 -2475
-727 4122 -2475
-727 4122 -2475
-727 4122 -2475
-727 4122 -2475
-727 4122 -2475
-1151 4133 -2679
-1151 4133 -2679
-1151 4133 -2679
-1151 4133 -2679
-1151 4133 -2679
-1151 4133 -2679
-1151 4133 -2679
-1151 4133 -2679
-1371 4215 -3383
-1371 4215 -3383
-1371 4215 -3383
-1371 4215 -3383
-1371 4215 -3383
-1371 4215 -3383
-1371 4215 -3383
-1371 4215 -3383
-1379 4072 -4031
-1379 4072 -4031
-1379 4072 -4031
-1379 4072 -4031
-1379 4072 -4031
-1379 4072 -4031
-1379 4072 -4031
-1379 4072 -4031
-1359 3834 -4728
-1359 3834 -4728
-1359 3834 -4728
-1359 3834 -4728
-1359 3834 -4728
-1359 3834 -4728
-1359 3834 -4728
-1359 3834 -4728
-1184 3410 -5440
-1184 3410 -5440
-1184 3410 -5440
-1184 3410 -5440
-1184 3410 -5440
-1184 3410 -5440
-1184 3410 -5440
-849 2689 -6099
-849 2689 -6099
-849 2689 -6099
-849 2689 -6099
-849 2689 -6099
-849 2689 -6099
-849 2689 -6099
-849 2689 -6099
-429 2154 -6346
-429 2154 -6346
-429 2154 -6346
-429 2154 -6346
-429 2154 -6346
-429 2154 -6346
-429 2154 -6346
-429 2154 -6346
-394 1950 -6408
-394 1950 -6408
-394 1950 -6408
-394 1950 -6408
-394 1950 -6408
-394 1950 -6408
-394 1950 -6408
-394 1950 -6408
-424 2156 -6324
-424 2156 -6324
-424 2156 -6324
-424 2156 -6324
-424 2156 -6324
-424 2156 -6324
-424 2156 -6324
-424 2156 -6324
-180 1882 -6329
-180 1882 -6329
-180 1882 -6329
-180 1882 -6329
-180 1882 -6329
-180 1882 -6329
-180 1882 -6329
-180 1882 -6329
216 1601 -6327
216 1601 -6327
216 1601 -6327
216 1601 -6327
216 1601 -6327
216 1601 -6327
216 1601 -6327
216 1601 -6327
523 1752 -6178
523 1752 -6178
523 1752 -6178
523 1752 -6178
523 1752 -6178
523 1752 -6178
523 1752 -6178
523 1752 -6178
589 2201 -5941
589 2201 -5941
589 2201 -5941
589 2201 -5941
589 2201 -5941
589 2201 -5941
589 2201 -5941
589 2201 -5941
506 2268 -5898
506 2268 -5898
506 2268 -5898
506 2268 -5898
506 2268 -5898
506 2268 -5898
506 2268 -5898
506 2268 -5898
409 2357 -5916
409 2357 -5916
409 2357 -5916
409 2357 -5916
409 2357 -5916
409 2357 -5916
409 2357 -5916
409 2357 -5916
426 2438 -5883
426 2438 -5883
426 2438 -5883
426 2438 -5883
426 2438 -5883
426 2438 -5883
426 2438 -5883
426 2438 -5883
335 2553 -5894
335 2553 -5894
335 2553 -5894
335 2553 -5894
335 2553 -5894
335 2553 -5894
335 2553 -5894
335 2553 -5894
190 2677 -5887
190 2677 -5887
190 2677 -5887
190 2677 -5887
190 2677 -5887
190 2677 -5887
190 2677 -5887
190 2677 -5887
150 2835 -5790
150 2835 -5790
150 2835 -5790
150 2835 -5790
150 2835 -5790
150 2835 -5790
150 2835 -5790
150 2835 -5790
143 2848 -5708
143 2848 -5708
143 2848 -5708
143 2848 -5708
143 2848 -5708
143 2848 -5708
143 2848 -5708
143 2848 -5708
31 2850 -5808
31 2850 -5808
31 2850 -5808
31 2850 -5808
31 2850 -5808
31 2850 -5808
31 2850 -5808
31 2850 -5808
-61 2848 -5814
-61 2848 -5814
-61 2848 -5814
-61 2848 -5814
-61 2848 -5814
-61 2848 -5814
-61 2848 -5814
-61 2848 -5814
-202 2742 -5951
-202 2742 -5951
-202 2742 -5951
-202 2742 -5951
-202 2742 -5951
-202 2742 -5951
-202 2742 -5951
-202 2742 -5951
-169 2616 -6062
-169 2616 -6062
-169 2616 -6062
-169 2616 -6062
-169 2616 -6062
-169 2616 -6062
-169 2616 -6062
-169 2616 -6062
-95 2514 -6027
-95 2514 -6027
-95 2514 -6027
-95 2514 -6027
-95 2514 -6027
-95 2514 -6027
-95 2514 -6027
-95 2514 -6027
-74 2476 -6100
-74 2476 -6100
-74 2476 -6100
-74 2476 -6100
-74 2476 -6100
-74 2476 -6100
-74 2476 -6100
-74 2476 -6100
3 2380 -6109
3 2380 -6109
3 2380 -6109
3 2380 -6109
3 2380 -6109
3 2380 -6109
3 2380 -6109
3 2380 -6109
77 2385 -5968
77 2385 -5968
77 2385 -5968
77 2385 -5968
77 2385 -5968
77 2385 -5968
77 2385 -5968
77 2385 -5968
178 2357 -6063
178 2357 -6063
178 2357 -6063
178 2357 -6063
178 2357 -6063
178 2357 -6063
178 2357 -6063
178 2270 -6097
232 2270 -6097
232 2270 -6097
232 2270 -6097
232 2270 -6097
232 2270 -6097
232 2270 -6097
232 2270 -6097
248 2187 -6111
248 2187 -6111
248 2187 -6111
248 2187 -6111
248 2187 -6111
248 2187 -6111
248 2187 -6111
248 2187 -6111
325 2272 -6087
325 2272 -6087
325 2272 -6087
325 2272 -6087
325 2272 -6087
325 2272 -6087
325 2272 -6087
325 2272 -6087
484 2407 -5932
484 2407 -5932
484 2407 -5932
484 2407 -5932
484 2407 -5932
484 2407 -5932
484 2407 -5932
484 2407 -5932
731 2366 -5773
731 2366 -5773
731 2366 -5773
731 2366 -5773
731 2366 -5773
731 2366 -5773
731 2366 -5773
731 2366 -5773
927 2194 -5728
927 2194 -5728
927 2194 -5728
927 2194 -5728
927 2194 -5728
927 2194 -5728
927 2194 -5728
927 2194 -5728
933 2131 -5804
933 2131 -5804
933 2131 -5804
933 2131 -5804
933 2131 -5804
933 2131 -5804
933 2131 -5804
933 2131 -5804
923 2096 -5807
923 2096 -5807
923 2096 -5807
923 2096 -5807
923 2096 -5807
923 2096 -5807
923 2096 -5807
923 2096 -5807
955 2142 -5811
955 2142 -5811
955 2142 -5811
955 2142 -5811
955 2142 -5811
955 2142 -5811
955 2142 -5811
955 2142 -5811
1064 2276 -5650
1064 2276 -5650
1064 2276 -5650
1064 2276 -5650
1064 2276 -5650
1064 2276 -5650
1064 2276 -5650
1064 2276 -5650
1219 2498 -5266
1219 2498 -5266
1219 2498 -5266
1219 2498 -5266
1219 2498 -5266
1219 2498 -5266
1219 2498 -5266
1219 2498 -5266
1390 2576 -5059
1390 2576 -5059
1390 2576 -5059
1390 2576 -5059
1390 2576 -5059
1390 2576 -5059
1390 2576 -5059
1390 2576 -5059
1456 2542 -4989
1456 2542 -4989
1456 2542 -4989
1456 2542 -4989
1456 2542 -4989
1456 2542 -4989
1456 2542 -4989
1456 2542 -4989
1478 2550 -4915
1478 2550 -4915
1478 2550 -4915
1478 2550 -4915
1478 2550 -4915
1478 2550 -4915
1478 2550 -4915
1478 2550 -4915
1547 2503 -4903
1547 2503 -4903
1547 2503 -4903
1547 2503 -4903
1547 2503 -4903
1547 2503 -4903
1547 2503 -4903
1547 2503 -4903
1491 2432 -4968
1491 2432 -4968
1491 2432 -4968
1491 2432 -4968
1491 2432 -4968
1491 2432 -4968
1491 2432 -4968
1491 2432 -4968
1577 2327 -4969
1577 2327 -4969
1577 2327 -4969
1577 2327 -4969
1577 2327 -4969
1577 2327 -4969
1577 2327 -4969
1577 2327 -4969
1664 2384 -4822
1664 2384 -4822
1664 2384 -4822
1664 2384 -4822
1664 2384 -4822
1664 2384 -4822
1664 2384 -4822
1664 2384 -4822
1779 2508 -4507
1779 2508 -4507
1779 2508 -4507
1779 2508 -4507
1779 2508 -4507
1779 2508 -4507
1779 2508 -4507
1779 2508 -4507
1944 2603 -3850
1944 2603 -3850
1944 2603 -3850
1944 2603 -3850
1944 2603 -3850
1944 2603 -3850
1944 2603 -3850
1944 2603 -3850
2109 2474 -3204
2109 2474 -3204
2109 2474 -3204
2109 2474 -3204
2109 2474 -3204
2109 2474 -3204
2109 2474 -3204
2109 2474 -3204
2178 2236 -2771
2178 2236 -2771
2178 2236 -2771
2178 2236 -2771
2178 2236 -2771
2178 2236 -2771
2178 2236 -2771
2178 2236 -2771
2311 2042 -2511
2311 2042 -2511
2311 2042 -2511
2311 2042 -2511
2311 2042 -2511
2311 2042 -2511
2311 2042 -2511
2311 2042 -2511
2212 2004 -2174
2212 2004 -2174
2212 2004 -2174
2212 2004 -2174
2212 2004 -2174
2212 2004 -2174
2212 2004 -2174
2212 2004 -2174
2180 1962 -1957
2180 1962 -1957
2180 1962 -1957
2180 1962 -1957
2180 1962 -1957
2180 1962 -1957
2180 1962 -1957
2180 1962 -1957
2145 1925 -1883
2145 1925 -1883
2145 1925 -1883
2145 1925 -1883
2145 1925 -1883
2145 1925 -1883
2145 1925 -1883
2145 1925 -1883
2172 1752 -1763
2172 1752 -1763
2172 1752 -1763
2172 1752 -1763
2172 1752 -1763
2172 1752 -1763
2172 1752 -1763
2172 1752 -1763
2130 1584 -1574
2130 1584 -1574
2130 1584 -1574
2130 1584 -1574
2130 1584 -1574
2130 1584 -1574
2130 1584 -1574
2130 1430 -1260
2005 1430 -1260
2005 1430 -1260
2005 1430 -1260
2005 1430 -1260
2005 1430 -1260
2005 1430 -1260
2005 1430 -1260
1578 1318 -733
1578 1318 -733
1578 1318 -733
1578 1318 -733
1578 1318 -733
1578 1318 -733
1578 1318 -733
1578 1318 -733
975 1281 -292
975 1281 -292
975 1281 -292
975 1281 -292
975 1281 -292
975 1281 -292
975 1281 -292
975 1281 -292
493 1230 -59
493 1230 -59
493 1230 -59
493 1230 -59
493 1230 -59
493 1230 -59
493 1230 -59
493 1230 -59
245 1193 28
245 1193 28
245 1193 28
245 1193 28
245 1193 28
245 1193 28
245 1193 28
245 1193 28
394 1241 -98
394 1241 -98
394 1241 -98
394 1241 -98
394 1241 -98
394 1241 -98
394 1241 -98
394 1241 -98
547 1390 -164
547 1390 -164
547 1390 -164
547 1390 -164
547 1390 -164
547 1390 -164
547 1390 -164
547 1390 -164
436 1496 -72
436 1496 -72
436 1496 -72
436 1496 -72
436 1496 -72
436 1496 -72
436 1496 -72
436 1496 -72
31 1487 34
31 1487 34
31 1487 34
31 1487 34
31 1487 34
31 1487 34
31 1487 34
31 1487 34
-352 1431 97
-352 1431 97
-352 1431 97
-352 1431 97
-352 1431 97
-352 1431 97
-352 1431 97
-352 1431 97
-592 1470 56
-592 1470 56
-592 1470 56
-592 1470 56
-592 1470 56
-592 1470 56
-592 1470 56
-592 1470 56
-669 1579 69
-669 1579 69
-669 1579 69
-669 1579 69
-669 1579 69
-669 1579 69
-669 1579 69
-669 1579 69
-714 1616 100
-714 1616 100
-714 1616 100
-714 1616 100
-714 1616 100
-714 1616 100
-714 1616 100
-714 1616 100
-837 1625 10
-837 1625 10
-837 1625 10
-837 1625 10
-837 1625 10
-837 1625 10
-837 1625 10
-837 1625 10
-1045 1618 43
-1045 1618 43
-1045 1618 43
-1045 1618 43
-1045 1618 43
-1045 1618 43
-1045 1618 43
-1045 1618 43
-1344 1707 -26
-1344 1707 -26
-1344 1707 -26
-1344 1707 -26
-1344 1707 -26
-1344 1707 -26
-1344 1707 -26
-1344 1707 -26
-1592 1860 -106
-1592 1860 -106
-1592 1860 -106
-1592 1860 -106
-1592 1860 -106
-1592 1860 -106
-1592 1860 -106
-1592 1860 -106
