xmag ymag zmag
-857 -152 -67
-868 -154 -119
-868 -154 -119
-868 -154 -119
-868 -154 -119
-868 -154 -119
-868 -154 -119
-868 -154 -119
-868 -154 -119
-806 -178 -112
-806 -178 -112
-806 -178 -112
-806 -178 -112
-806 -178 -112
-806 -178 -112
-806 -178 -112
-806 -178 -112
-829 -185 -160
-829 -185 -160
-829 -185 -160
-829 -185 -160
-829 -185 -160
-829 -185 -160
-829 -185 -160
-829 -185 -160
-830 -163 -114
-830 -163 -114
-830 -163 -114
-830 -163 -114
-830 -163 -114
-830 -163 -114
-830 -163 -114
-830 -163 -114
-770 -201 -142
-770 -201 -142
-770 -201 -142
-770 -201 -142
-770 -201 -142
-770 -201 -142
-770 -201 -142
-770 -201 -142
-831 -167 -81
-831 -167 -81
-831 -167 -81
-831 -167 -81
-831 -167 -81
-831 -167 -81
-831 -167 -81
-831 -167 -81
-834 -208 -66
-834 -208 -66
-834 -208 -66
-834 -208 -66
-834 -208 -66
-834 -208 -66
-834 -208 -66
-834 -208 -66
-813 -195 -106
-813 -195 -106
-813 -195 -106
-813 -195 -106
-813 -195 -106
-813 -195 -106
-813 -195 -106
-813 -195 -106
-818 -202 -116
-818 -202 -116
-818 -202 -116
-818 -202 -116
-818 -202 -116
-818 -202 -116
-818 -202 -116
-818 -202 -116
-851 -214 -100
-851 -214 -100
-851 -214 -100
-851 -214 -100
-851 -214 -100
-851 -214 -100
-851 -214 -100
-851 -214 -100
-863 -189 -134
-863 -189 -134
-863 -189 -134
-863 -189 -134
-863 -189 -134
-863 -189 -134
-863 -189 -134
-863 -189 -134
-817 -197 -170
-817 -197 -170
-817 -197 -170
-817 -197 -170
-817 -197 -170
-817 -197 -170
-817 -197 -170
-817 -197 -170
-858 -206 -178
-858 -206 -178
-858 -206 -178
-858 -206 -178
-858 -206 -178
-858 -206 -178
-858 -206 -178
-858 -206 -178
-877 -210 -135
-877 -210 -135
-877 -210 -135
-877 -210 -135
-877 -210 -135
-877 -210 -135
-877 -210 -135
-877 -210 -135
-826 -185 -131
-826 -185 -131
-826 -185 -131
-826 -185 -131
-826 -185 -131
-826 -185 -131
-826 -185 -131
-826 -185 -131
-842 -190 -149
-842 -190 -149
-842 -190 -149
-842 -190 -149
-842 -190 -149
-842 -190 -149
-842 -190 -149
-842 -190 -149
-811 -204 -119
-811 -204 -119
-811 -204 -119
-811 -204 -119
-811 -204 -119
-811 -204 -119
-811 -204 -119
-811 -204 -119
-830 -173 -134
-830 -173 -134
-830 -173 -134
-830 -173 -134
-830 -173 -134
-830 -173 -134
-830 -173 -134
-830 -173 -134
-806 -161 -117
-806 -161 -117
-806 -161 -117
-806 -161 -117
-806 -161 -117
-806 -161 -117
-806 -161 -117
-806 -161 -117
-807 -189 -106
-807 -189 -106
-807 -189 -106
-807 -189 -106
-807 -189 -106
-807 -189 -106
-807 -189 -106
-781 -190 -155
-781 -190 -155
-781 -190 -155
-781 -190 -155
-781 -190 -155
-781 -190 -155
-781 -190 -155
-781 -190 -155
-812 -210 -146
-812 -210 -146
-812 -210 -146
-812 -210 -146
-812 -210 -146
-812 -210 -146
-812 -210 -146
-812 -210 -146
-780 -187 -138
-780 -187 -138
-780 -187 -138
-780 -187 -138
-780 -187 -138
-780 -187 -138
-780 -187 -138
-780 -187 -138
-802 -194 -157
-802 -194 -157
-802 -194 -157
-802 -194 -157
-802 -194 -157
-802 -194 -157
-802 -194 -157
-802 -194 -157
-827 -212 -147
-827 -212 -147
-827 -212 -147
-827 -212 -147
-827 -212 -147
-827 -212 -147
-827 -212 -147
-827 -212 -147
-773 -173 -166
-773 -173 -166
-773 -173 -166
-773 -173 -166
-773 -173 -166
-773 -173 -166
-773 -173 -166
-773 -173 -166
-782 -189 -101
-782 -189 -101
-782 -189 -101
-782 -189 -101
-782 -189 -101
-782 -189 -101
-782 -189 -101
-782 -189 -101
-820 -191 -145
-820 -191 -145
-820 -191 -145
-820 -191 -145
-820 -191 -145
-820 -191 -145
-820 -191 -145
-820 -191 -145
-819 -194 -132
-819 -194 -132
-819 -194 -132
-819 -194 -132
-819 -194 -132
-819 -194 -132
-819 -194 -132
-819 -194 -132
-822 -197 -146
-822 -197 -146
-822 -197 -146
-822 -197 -146
-822 -197 -146
-822 -197 -146
-822 -197 -146
-822 -197 -146
-823 -218 -103
-823 -218 -103
-823 -218 -103
-823 -218 -103
-823 -218 -103
-823 -218 -103
-823 -218 -103
-823 -218 -103
-804 -209 -108
-804 -209 -108
-804 -209 -108
-804 -209 -108
-804 -209 -108
-804 -209 -108
-804 -209 -108
-804 -209 -108
-757 -188 -121
-757 -188 -121
-757 -188 -121
-757 -188 -121
-757 -188 -121
-757 -188 -121
-757 -188 -121
-757 -188 -121
-779 -206 -79
-779 -206 -79
-779 -206 -79
-779 -206 -79
-779 -206 -79
-779 -206 -79
-779 -206 -79
-779 -206 -79
-807 -232 -132
-807 -232 -132
-807 -232 -132
-807 -232 -132
-807 -232 -132
-807 -232 -132
-807 -232 -132
-807 -232 -132
-797 -228 -107
-797 -228 -107
-797 -228 -107
-797 -228 -107
-797 -228 -107
-797 -228 -107
-797 -228 -107
-809 -213 -123
-809 -213 -123
-809 -213 -123
-809 -213 -123
-809 -213 -123
-809 -213 -123
-809 -213 -123
-809 -213 -123
-813 -223 -100
-813 -223 -100
-813 -223 -100
-813 -223 -100
-813 -223 -100
-813 -223 -100
-813 -223 -100
-813 -223 -100
-824 -213 -130
-824 -213 -130
-824 -213 -130
-824 -213 -130
-824 -213 -130
-824 -213 -130
-824 -213 -130
-824 -213 -130
-790 -229 -133
-790 -229 -133
-790 -229 -133
-790 -229 -133
-790 -229 -133
-790 -229 -133
-790 -229 -133
-790 -229 -133
-818 -172 -132
-818 -172 -132
-818 -172 -132
-818 -172 -132
-818 -172 -132
-818 -172 -132
-818 -172 -132
-818 -172 -132
-823 -187 -151
-823 -187 -151
-823 -187 -151
-823 -187 -151
-823 -187 -151
-823 -187 -151
-823 -187 -151
-823 -187 -151
-799 -216 -180
-799 -216 -180
-799 -216 -180
-799 -216 -180
-799 -216 -180
-799 -216 -180
-799 -216 -180
-799 -216 -180
-848 -207 -151
-848 -207 -151
-848 -207 -151
-848 -207 -151
-848 -207 -151
-848 -207 -151
-848 -207 -151
-848 -207 -151
-810 -203 -143
-810 -203 -143
-810 -203 -143
-810 -203 -143
-810 -203 -143
-810 -203 -143
-810 -203 -143
-810 -203 -143
-860 -179 -75
-860 -179 -75
-860 -179 -75
-860 -179 -75
-860 -179 -75
-860 -179 -75
-860 -179 -75
-860 -179 -75
-854 -185 -151
-854 -185 -151
-854 -185 -151
-854 -185 -151
-854 -185 -151
-854 -185 -151
-854 -185 -151
-854 -185 -151
-825 -193 -151
-825 -193 -151
-825 -193 -151
-825 -193 -151
-825 -193 -151
-825 -193 -151
-825 -193 -151
-825 -193 -151
-834 -170 -113
-834 -170 -113
-834 -170 -113
-834 -170 -113
-834 -170 -113
-834 -170 -113
-834 -170 -113
-834 -170 -113
-820 -197 -143
-820 -197 -143
-820 -197 -143
-820 -197 -143
-820 -197 -143
-820 -197 -143
-820 -197 -143
-820 -197 -143
-875 -187 -138
-875 -187 -138
-875 -187 -138
-875 -187 -138
-875 -187 -138
-875 -187 -138
-875 -187 -138
-875 -187 -138
-842 -185 -140
-842 -185 -140
-842 -185 -140
-842 -185 -140
-842 -185 -140
-842 -185 -140
-842 -185 -140
-842 -185 -140
-857 -178 -126
-857 -178 -126
-857 -178 -126
-857 -178 -126
-857 -178 -126
-857 -178 -126
-857 -178 -126
-857 -178 -126
-857 -186 -128
-857 -186 -128
-857 -186 -128
-857 -186 -128
-857 -186 -128
-857 -186 -128
-857 -186 -128
-857 -186 -128
-842 -187 -139
-842 -187 -139
-842 -187 -139
-842 -187 -139
-842 -187 -139
-842 -187 -139
-842 -187 -139
-842 -187 -139
-842 -168 -143
-842 -168 -143
-842 -168 -143
-842 -168 -143
-842 -168 -143
-842 -168 -143
-842 -168 -143
-842 -168 -160
-880 -196 -160
-880 -196 -160
-880 -196 -160
-880 -196 -160
-880 -196 -160
-880 -196 -160
-880 -196 -160
-856 -178 -172
-856 -178 -172
-856 -178 -172
-856 -178 -172
-856 -178 -172
-856 -178 -172
-856 -178 -172
-856 -178 -172
-860 -157 -177
-860 -157 -177
-860 -157 -177
-860 -157 -177
-860 -157 -177
-860 -157 -177
-860 -157 -177
-860 -157 -177
-829 -183 -178
-829 -183 -178
-829 -183 -178
-829 -183 -178
-829 -183 -178
-829 -183 -178
-829 -183 -178
-829 -183 -178
-823 -189 -167
-823 -189 -167
-823 -189 -167
-823 -189 -167
-823 -189 -167
-823 -189 -167
-823 -189 -167
-823 -189 -167
-818 -188 -121
-818 -188 -121
-818 -188 -121
-818 -188 -121
-818 -188 -121
-818 -188 -121
-818 -188 -121
-818 -188 -121
-842 -168 -184
-842 -168 -184
-842 -168 -184
-842 -168 -184
-842 -168 -184
-842 -168 -184
-842 -168 -184
-842 -168 -184
-842 -182 -175
-842 -182 -175
-842 -182 -175
-842 -182 -175
-842 -182 -175
-842 -182 -175
-842 -182 -175
-842 -182 -175
-864 -207 -174
-864 -207 -174
-864 -207 -174
-864 -207 -174
-864 -207 -174
-864 -207 -174
-864 -207 -174
-864 -207 -174
-845 -188 -168
-845 -188 -168
-845 -188 -168
-845 -188 -168
-845 -188 -168
-845 -188 -168
-845 -188 -168
-845 -188 -168
-824 -176 -150
-824 -176 -150
-824 -176 -150
-824 -176 -150
-824 -176 -150
-824 -176 -150
-824 -176 -150
-824 -176 -150
-786 -204 -130
-786 -204 -130
-786 -204 -130
-786 -204 -130
-786 -204 -130
-786 -204 -130
-786 -204 -130
-786 -204 -130
-830 -183 -151
-830 -183 -151
-830 -183 -151
-830 -183 -151
-830 -183 -151
-830 -183 -151
-830 -183 -151
-830 -183 -151
-827 -180 -114
-827 -180 -114
-827 -180 -114
-827 -180 -114
-827 -180 -114
-827 -180 -114
-827 -180 -114
-827 -180 -114
-817 -196 -118
-817 -196 -118
-817 -196 -118
-817 -196 -118
-817 -196 -118
-817 -196 -118
-817 -196 -118
-817 -196 -118
-841 -214 -125
-841 -214 -125
-841 -214 -125
-841 -214 -125
-841 -214 -125
-841 -214 -125
-841 -214 -125
-841 -214 -125
-852 -165 -98
-852 -165 -98
-852 -165 -98
-852 -165 -98
-852 -165 -98
-852 -165 -98
-852 -165 -98
-852 -165 -98
-796 -209 -159
-796 -209 -159
-796 -209 -159
-796 -209 -159
-796 -209 -159
-796 -209 -159
-796 -209 -159
-796 -209 -159
-886 -192 -171
-886 -192 -171
-886 -192 -171
-886 -192 -171
-886 -192 -171
-886 -192 -171
-886 -192 -171
-886 -192 -171
-838 -199 -112
-838 -199 -112
