xmag ymag zmag xacc yacc zacc
-3272 1570 -5344 3910 -1228 1179
-3277 1600 -5344 3829 -1191 1141
-3277 1600 -5344 3776 -1215 1090
-3277 1600 -5344 3762 -1239 995
-3277 1600 -5344 3743 -1175 987
-3277 1600 -5344 3589 -1101 1177
-3277 1600 -5344 3881 -1309 1360
-3238 1972 -5255 4103 -1383 1303
-3238 1972 -5255 4273 -1409 1381
-3238 1972 -5255 4240 -1394 1322
-3238 1972 -5255 4061 -1376 1221
-3238 1972 -5255 4036 -1336 1167
-3238 1972 -5255 3828 -1262 1297
-3238 1972 -5255 4031 -1305 1322
-3139 2327 -5136 4094 -1198 1404
-3139 2327 -5136 4086 -1076 1523
-3139 2327 -5136 4132 -1153 1505
-3139 2327 -5136 4337 -1083 1400
-3139 2327 -5136 4107 -1022 1502
-3139 2327 -5136 4041 -961 1420
-3139 2327 -5136 3929 -907 1358
-2989 2540 -5144 3777 -947 1309
-2989 2540 -5144 3847 -1107 1112
-2989 2540 -5144 3779 -1205 1216
-2989 2540 -5144 3692 -1347 1112
-2989 2540 -5144 3528 -1563 1084
-2989 2540 -5144 3479 -1605 871
-2989 2540 -5144 3355 -1997 1374
-2917 2662 -5187 3168 -1708 1120
-2917 2662 -5187 3273 -1885 849
-2917 2662 -5187 3294 -2032 889
-2917 2662 -5187 3315 -2307 754
-2917 2662 -5187 3293 -2411 639
-2917 2662 -5187 3405 -2522 526
-2917 2662 -5187 3102 -2599 610
-2860 2736 -5095 3481 -2853 558
-2860 2736 -5095 3445 -2729 554
-2860 2736 -5095 3330 -2678 674
-2860 2736 -5095 3397 -2657 605
-2860 2736 -5095 3353 -2621 609
-2860 2736 -5095 3354 -2602 576
-2860 2736 -5095 3439 -2815 888
-2883 2767 -5097 3485 -2334 812
-2883 2767 -5097 3553 -2083 564
-2883 2767 -5097 3800 -2072 786
-2883 2767 -5097 3633 -2231 864
-2883 2767 -5097 3721 -2494 764
-2883 2767 -5097 3770 -2564 658
-2883 2767 -5097 3775 -2577 618
-2842 2799 -5127 3880 -2446 553
-2842 2799 -5127 3987 -2211 695
-2842 2799 -5127 3902 -1954 774
-2842 2799 -5127 3926 -1802 903
-2842 2799 -5127 3978 -1754 846
-2842 2799 -5127 4300 -1934 530
-2842 2799 -5127 4424 -2105 367
-2737 2913 -5056 4425 -1951 734
-2737 2913 -5056 4438 -1834 673
-2737 2913 -5056 4475 -1677 660
-2737 2913 -5056 4439 -1545 417
-2737 2913 -5056 4485 -1899 182
-2737 2913 -5056 4462 -1978 162
-2519 3153 -5027 4220 -1974 -42
-2519 3153 -5027 4180 -2256 24
-2519 3153 -5027 4257 -2313 -44
-2519 3153 -5027 4111 -2365 -50
-2519 3153 -5027 4078 -2394 -182
-2519 3153 -5027 3810 -2146 -274
-2519 3153 -5027 3698 -2290 -271
-2218 3427 -4883 3713 -2317 -401
-2218 3427 -4883 3721 -2513 -384
-2218 3427 -4883 3506 -2514 -346
-2218 3427 -4883 3288 -2738 -363
-2218 3427 -4883 3208 -2961 -412
-2218 3427 -4883 3173 -2977 -373
-2218 3427 -4883 2832 -3181 -196
-1962 3573 -4732 2909 -2779 -70
-1962 3573 -4732 2900 -2792 1
-1962 3573 -4732 2740 -2738 125
-1962 3573 -4732 2760 -2577 343
-1962 3573 -4732 2904 -2646 275
-1962 3573 -4732 2694 -2379 280
-1962 3573 -4732 2646 -2186 528
-1778 3684 -4625 2741 -2229 309
-1778 3684 -4625 2843 -2256 426
-1778 3684 -4625 2841 -2139 504
-1778 3684 -4625 2920 -2158 476
-1778 3684 -4625 2969 -2189 539
-1778 3684 -4625 3117 -2191 580
-1778 3684 -4625 3066 -2183 482
-1705 3731 -4517 3141 -2231 509
-1705 3731 -4517 3076 -2202 441
-1705 3731 -4517 3118 -2430 459
-1705 3731 -4517 3139 -2437 620
-1705 3731 -4517 3164 -2438 770
-1705 3731 -4517 3282 -2140 690
-1663 3802 -4322 3236 -2268 796
-1663 3802 -4322 3246 -2252 781
-1663 3802 -4322 3316 -2192 1103
-1663 3802 -4322 3391 -2057 1128
-1663 3802 -4322 3359 -1983 837
-1663 3802 -4322 3346 -2019 903
-1663 3802 -4322 3591 -2003 1107
-1682 3865 -4183 3624 -1968 1184
-1682 3865 -4183 3814 -1776 1096
-1682 3865 -4183 4081 -1780 1081
-1682 3865 -4183 3905 -1853 1031
-1682 3865 -4183 4096 -1986 599
-1682 3865 -4183 4010 -2278 498
-1682 3865 -4183 4008 -2445 27
-1709 3876 -3917 4218 -2586 305
-1709 3876 -3917 4101 -2249 274
-1709 3876 -3917 3962 -2158 183
-1709 3876 -3917 4069 -2077 145
-1709 3876 -3917 3926 -2083 158
-1709 3876 -3917 3815 -1981 97
-1709 3876 -3917 3861 -2001 26
-1736 3973 -3676 3919 -1966 -232
-1736 3973 -3676 3889 -2131 -154
-1736 3973 -3676 3976 -2534 -169
-1736 3973 -3676 3919 -2277 -101
-1736 3973 -3676 3840 -2292 -268
-1736 3973 -3676 3945 -2278 -309
-1736 3973 -3676 3881 -2061 -428
-1798 3965 -3306 3784 -1918 -453
-1798 3965 -3306 3570 -1874 -374
-1798 3965 -3306 3636 -1862 -582
-1798 3965 -3306 3712 -1731 -539
-1798 3965 -3306 3857 -1701 -760
-1798 3965 -3306 4147 -1651 -512
-1798 3965 -3306 3840 -1722 -713
-1967 3931 -2992 4010 -1820 -662
-1967 3931 -2992 4132 -2010 -695
-1967 3931 -2992 4142 -2072 -847
-1967 3931 -2992 4330 -2168 -1065
-1967 3931 -2992 4365 -2218 -1084
-1967 3931 -2992 4396 -2112 -1079
-2177 3767 -2551 4199 -2067 -1166
-2177 3767 -2551 4090 -2126 -1531
-2177 3767 -2551 3971 -2119 -1589
-2177 3767 -2551 3960 -1990 -1574
-2177 3767 -2551 3827 -1821 -1539
-2177 3767 -2551 3633 -1774 -1464
-2177 3767 -2551 3973 -1797 -1665
-2524 3542 -2296 4099 -2099 -1683
-2524 3542 -2296 4214 -2298 -1783
-2524 3542 -2296 4349 -2357 -1711
-2524 3542 -2296 4340 -2376 -1848
-2524 3542 -2296 4291 -2299 -2096
-2524 3542 -2296 4290 -2316 -2135
-2524 3542 -2296 4273 -2309 -2129
-2928 3271 -2196 4411 -2307 -1972
-2928 3271 -2196 4401 -2319 -2366
-2928 3271 -2196 4181 -2627 -2964
-2928 3271 -2196 4383 -2559 -2181
-2928 3271 -2196 4701 -2610 -2043
-2928 3271 -2196 4453 -2555 -2372
-2928 3271 -2196 4372 -2808 -2453
-3323 2825 -2162 4505 -2479 -2092
-3323 2825 -2162 4356 -2254 -2172
-3323 2825 -2162 4146 -2120 -2335
-3323 2825 -2162 4047 -1959 -1969
-3323 2825 -2162 4066 -2044 -1914
-3323 2825 -2162 3876 -1964 -2126
-3323 2825 -2162 3930 -2004 -2168
-3667 2390 -2257 4177 -1999 -1989
-3667 2390 -2257 4175 -1939 -1870
-3667 2390 -2257 4119 -1866 -1964
-3667 2390 -2257 4161 -1773 -1773
-3667 2390 -2257 4092 -1680 -1651
-3667 2390 -2257 3976 -1544 -1790
-3852 2004 -2454 3879 -1455 -1694
-3852 2004 -2454 3934 -1466 -1630
-3852 2004 -2454 3903 -1563 -1780
-3852 2004 -2454 3919 -1545 -1782
-3852 2004 -2454 3955 -1455 -1599
-3852 2004 -2454 3901 -1419 -1792
-3852 2004 -2454 3876 -1490 -1722
-4015 1557 -2712 3931 -1523 -1933
-4015 1557 -2712 4073 -1585 -1729
-4015 1557 -2712 4242 -1548 -1632
-4015 1557 -2712 4224 -1515 -1487
-4015 1557 -2712 4381 -1375 -1425
-4015 1557 -2712 4419 -1445 -1427
-4015 1557 -2712 4640 -1568 -1471
-4090 1174 -2994 4747 -1565 -1258
-4090 1174 -2994 4920 -1574 -1231
-4090 1174 -2994 5110 -1496 -1002
-4090 1174 -2994 5194 -1398 -972
-4090 1174 -2994 5392 -1368 -686
-4090 1174 -2994 5616 -1244 -589
-4090 1174 -2994 5822 -1167 -575
-4021 571 -3280 5754 -1166 -390
-4021 571 -3280 5834 -1228 39
-4021 571 -3280 5977 -1379 -31
-4021 571 -3280 6192 -1558 -13
-4021 571 -3280 6279 -1485 311
-4021 571 -3280 6339 -1617 328
-4021 571 -3280 6570 -1848 380
-3854 47 -3729 6352 -2024 460
-3854 47 -3729 6322 -2136 190
-3854 47 -3729 6368 -2328 482
-3854 47 -3729 6251 -2556 615
-3854 47 -3729 6112 -2450 745
-3854 47 -3729 6116 -2606 833
-3854 47 -3729 6054 -2496 1112
-3649 -332 -4197 6059 -2481 1151
-3649 -332 -4197 5963 -2592 1186
-3649 -332 -4197 5915 -2639 1346
-3649 -332 -4197 5898 -2690 1439
-3649 -332 -4197 5781 -2615 1718
-3649 -332 -4197 5827 -2549 1799
-3284 -529 -4655 5765 -2669 1915
-3284 -529 -4655 5712 -2520 1879
-3284 -529 -4655 5974 -2656 2041
-3284 -529 -4655 5836 -2394 1895
-3284 -529 -4655 5542 -2226 2125
-3284 -529 -4655 5685 -2253 1936
-3284 -529 -4655 5785 -1882 2190
-2920 -635 -5102 5848 -1670 2206
-2920 -635 -5102 5864 -1238 2530
-2920 -635 -5102 5962 -1216 2508
-2920 -635 -5102 5809 -853 2319
-2920 -635 -5102 5701 -973 2131
-2920 -635 -5102 5686 -456 2280
-2920 -635 -5102 5393 -95 2583
-2525 -524 -5542 5664 258 2481
-2525 -524 -5542 5218 266 2158
-2525 -524 -5542 5411 441 2024
-2525 -524 -5542 4773 525 2058
-2525 -524 -5542 3903 1515 1595
-2525 -524 -5542 3682 1038 1877
-2525 -524 -5542 2480 1324 1472
-1921 -328 -6035 1524 2604 1691
-1921 -328 -6035 1857 2229 1787
-1921 -328 -6035 1238 753 729
-1921 -328 -6035 -176 184 3070
-1921 -328 -6035 -988 1848 3535
-1921 -328 -6035 2806 5940 -479
-1921 -328 -6035 -187 -3061 2566
-1216 -193 -6263 -684 2256 253
-1216 -193 -6263 -1142 464 1983
-1216 -193 -6263 -983 301 3132
-1216 -193 -6263 267 -27 4049
-1216 -193 -6263 -3116 1042 615
-1216 -193 -6263 -3847 -3785 -575
-968 252 -6377 -1087 143 2243
-968 252 -6377 8 3830 4332
-968 252 -6377 1155 -222 5868
-968 252 -6377 -3375 2065 2254
-968 252 -6377 523 -581 4557
-968 252 -6377 -1801 2185 1924
-968 252 -6377 -635 1755 2100
-564 459 -6421 -938 491 3054
-564 459 -6421 -2244 1166 1548
-564 459 -6421 -996 608 2124
-564 459 -6421 -1300 640 2055
-564 459 -6421 -1021 679 1933
-564 459 -6421 -1037 634 2322
-564 459 -6421 -1666 678 2314
-25 510 -6319 -1936 624 2502
-25 510 -6319 -2239 701 2667
-25 510 -6319 -1950 580 2655
-25 510 -6319 -1843 493 2616
-25 510 -6319 -1957 129 2498
-25 510 -6319 -2017 157 2415
-25 510 -6319 -1962 262 2223
290 768 -6242 -2059 139 1987
290 768 -6242 -2106 -9 2042
290 768 -6242 -2086 -62 1904
290 768 -6242 -1987 -753 1539
290 768 -6242 -2299 -477 1288
290 768 -6242 -2398 -582 1270
290 768 -6242 -2686 -396 1585
822 772 -6024 -2967 -293 1731
822 772 -6024 -1602 -712 1815
822 772 -6024 -3450 -582 1873
822 772 -6024 -2589 -97 2083
822 772 -6024 -2455 -176 1911
822 772 -6024 -2717 -391 1640
822 772 -6024 -2539 -565 1464
943 1166 -5891 -2587 -493 1175
943 1166 -5891 -2726 -104 1205
943 1166 -5891 -2718 -538 1125
943 1166 -5891 -2605 -481 1130
943 1166 -5891 -2514 -462 1166
943 1166 -5891 -2382 -378 958
1353 1391 -5563 -2416 -318 1135
1353 1391 -5563 -2547 -342 1014
1353 1391 -5563 -2571 -437 991
1353 1391 -5563 -2687 -658 880
1353 1391 -5563 -2705 -745 650
1353 1391 -5563 -2607 -460 830
1353 1391 -5563 -1643 -851 -245
1373 1872 -5281 -2768 -388 338
1373 1872 -5281 -2370 -822 553
1373 1872 -5281 -2309 -393 -19
1373 1872 -5281 -1743 -359 -128
1373 1872 -5281 -1643 -351 -407
1373 1872 -5281 -1730 -522 -401
1373 1872 -5281 -1984 -2 630
1466 2461 -4857 -366 958 2844
1466 2461 -4857 -1075 -133 -237
1466 2461 -4857 -192 -746 -1918
1466 2461 -4857 730 -3352 -2125
1466 2461 -4857 3364 860 -7581
1466 2461 -4857 8492 21836 21695
1466 2461 -4857 3024 -1990 -4561
1128 3079 -4289 -3128 -2080 150
1128 3079 -4289 3705 -2773 -2388
1128 3079 -4289 5501 2414 -2145
1128 3079 -4289 452 562 1065
1128 3079 -4289 5463 -4683 -5894
1128 3079 -4289 3287 -635 -1482
1128 3079 -4289 7336 -7752 -3412
96 3800 -3923 4915 -3361 -6906
96 3800 -3923 -423 -1815 -3436
96 3800 -3923 5311 -1561 -2160
96 3800 -3923 4864 -1986 -3181
96 3800 -3923 5742 -3852 2300
96 3800 -3923 4107 2302 -4275
-1189 3996 -3523 -453 -817 -1608
-1189 3996 -3523 3262 -3896 -2661
-1189 3996 -3523 4599 -7077 -3846
-1189 3996 -3523 8738 -364 -1680
-1189 3996 -3523 5643 -5640 -3433
-1189 3996 -3523 7284 -2142 -2107
-1189 3996 -3523 6796 -4672 -2560
-2533 3649 -3411 6769 -3989 -2825
-2533 3649 -3411 6832 -3734 -3189
-2533 3649 -3411 7132 -4450 -2407
-2533 3649 -3411 7333 -3519 -2906
-2533 3649 -3411 7184 -3414 -2363
-2533 3649 -3411 7746 -3472 -2397
-2533 3649 -3411 7947 -3935 -3116
-3446 2865 -3393 8188 -4223 -3154
-3446 2865 -3393 7499 -3899 -3217
-3446 2865 -3393 7371 -3169 -2695
-3446 2865 -3393 7658 -2382 -2272
-3446 2865 -3393 7917 -1857 -1767
-3446 2865 -3393 10717 -4464 -3570
-3446 2865 -3393 9126 -3432 -5692
-3928 2299 -3421 7454 -3266 -1530
-3928 2299 -3421 7268 -2076 -2861
-3928 2299 -3421 8069 -1289 -2716
-3928 2299 -3421 7329 -1603 -1589
-3928 2299 -3421 7380 -1652 -1207
-3928 2299 -3421 7749 -1526 -929
-3928 2299 -3421 7645 -1383 -580
-4049 1659 -3651 8152 -1934 -782
-4049 1659 -3651 7951 -2123 -781
-4049 1659 -3651 7880 -2038 -865
-4049 1659 -3651 6946 -2422 -467
-4049 1659 -3651 7618 -1882 -824
-4049 1659 -3651 7696 -869 -683
-4049 1659 -3907 6120 -2076 -189
-3959 1243 -4023 8272 -1762 -505
-3959 1243 -4023 5507 -841 1470
-3959 1243 -4023 5693 -461 745
-3959 1243 -4023 7933 -2035 -1357
-3959 1243 -4023 7338 -4227 -560
-3959 1243 -4023 7681 461 -2121
-3670 1043 -4629 4606 -1500 -200
-3670 1043 -4629 5330 -556 344
-3670 1043 -4629 6208 -768 -679
-3670 1043 -4629 3566 -664 -665
-3670 1043 -4629 2230 424 387
-3670 1043 -4629 4254 -1326 -1300
-3670 1043 -4629 4330 -1030 56
-3230 1018 -5323 4152 -1074 -629
-3230 1018 -5323 4567 -1071 -20
-3230 1018 -5323 3956 -862 -35
-3230 1018 -5323 3791 -1886 622
-3230 1018 -5323 3616 -720 -55
-3230 1018 -5323 3707 -903 624
-3230 1018 -5323 3643 -595 410
-2650 892 -5865 3489 -689 43
-2650 892 -5865 3550 -656 797
-2650 892 -5865 3320 -522 994
-2650 892 -5865 3286 -452 996
-2650 892 -5865 3492 66 1071
-2650 892 -5865 3440 -48 1048
-2650 892 -5865 3651 -154 1397
-2109 652 -6141 3762 -60 1843
-2109 652 -6141 4275 509 1302
-2109 652 -6141 4147 101 1506
-2109 652 -6141 4179 393 1727
-2109 652 -6141 4256 512 1757
-2109 652 -6141 4134 606 1688
-2109 652 -6141 4097 463 1460
-1510 163 -6292 4370 762 1477
-1510 163 -6292 4507 973 1313
-1510 163 -6292 4261 1183 1463
-1510 163 -6292 4309 1379 1355
-1510 163 -6292 3949 1300 1016
-1510 163 -6292 3506 2126 877
-809 -441 -6149 3413 779 949
-809 -441 -6149 3321 2311 1134
-809 -441 -6149 3662 1316 942
-809 -441 -6149 3693 2229 678
-809 -441 -6149 3716 1972 642
-809 -441 -6149 4177 2551 630
-809 -441 -6149 3360 2344 684
-86 -973 -5740 3265 2764 112
-86 -973 -5740 2904 2380 782
-86 -973 -5740 2555 2699 -77
-86 -973 -5740 2964 2548 -151
-86 -973 -5740 2110 1944 -161
-86 -973 -5740 2520 3566 738
-86 -973 -5740 2603 2011 -635
522 -1423 -5173 1307 3791 -86
522 -1423 -5173 221 3388 493
522 -1423 -5173 1745 3695 564
522 -1423 -5173 1775 3765 86
522 -1423 -5173 153 1627 -848
522 -1423 -5173 1178 998 1217
522 -1423 -5173 -728 8130 -2046
576 -1467 -4841 -581 775 3284
576 -1467 -4841 878 3478 936
576 -1467 -4841 1174 4428 1453
576 -1467 -4841 825 4529 1038
576 -1467 -4841 478 4490 787
576 -1467 -4841 -615 4533 1576
576 -1467 -4841 -1934 3862 976
614 -1451 -4553 1127 3417 1118
614 -1451 -4553 144 4328 1211
614 -1451 -4553 1485 3383 2308
614 -1451 -4553 673 2966 1634
614 -1451 -4553 1367 3073 1752
614 -1451 -4553 1289 3319 1382
614 -1451 -4297 1503 3263 1560
219 -1897 -4280 1926 932 3344
219 -1897 -4280 4053 -2151 -1935
219 -1897 -4280 11556 2338 798
219 -1897 -4280 2755 3441 2438
219 -1897 -4280 2657 3495 1367
219 -1897 -4280 2632 4113 2243
-406 -2027 -4208 3061 3871 1982
-406 -2027 -4208 3102 4166 2014
-406 -2027 -4208 2936 4366 2075
-406 -2027 -4208 3323 4317 1900
-406 -2027 -4208 3538 4458 1693
-406 -2027 -4208 3360 4650 1706
-406 -2027 -4208 3198 4734 1814
-879 -2071 -4117 3270 5092 1778
-879 -2071 -4117 3325 4973 1665
-879 -2071 -4117 3047 5656 1129
-879 -2071 -4117 3254 5610 1969
-879 -2071 -4117 2618 5634 1615
-879 -2071 -4117 2660 5410 2027
-879 -2071 -4117 2494 5914 1324
-1328 -1939 -4253 2121 5473 1129
-1328 -1939 -4253 2076 5398 860
-1328 -1939 -4253 1892 5078 861
-1328 -1939 -4253 1863 4927 1028
-1328 -1939 -4253 1681 4775 1319
-1328 -1939 -4253 1555 4925 1043
-1328 -1939 -4253 1582 4948 1312
-1699 -1746 -4597 1603 4949 1438
-1699 -1746 -4597 1407 4801 1463
-1699 -1746 -4597 1201 4587 1480
-1699 -1746 -4597 993 4629 1709
-1699 -1746 -4597 1107 4329 1612
-1699 -1746 -4597 1196 4130 1688
-1699 -1746 -4597 1222 4012 1848
-1847 -1473 -4946 1158 3889 1955
-1847 -1473 -4946 1123 3851 2055
-1847 -1473 -4946 1190 3732 2051
-1847 -1473 -4946 1244 3558 2194
-1847 -1473 -4946 1344 3386 2015
-1847 -1473 -4946 1511 3329 1816
-2026 -1123 -5312 1525 4113 3196
-2026 -1123 -5312 1824 3408 1506
-2026 -1123 -5312 1897 2794 2650
-2026 -1123 -5312 1988 3174 2668
-2026 -1123 -5312 1510 3618 1628
-2026 -1123 -5312 1641 3637 2497
-2026 -1123 -5312 1468 3880 2196
-1977 -778 -5641 1249 3826 2741
-1977 -778 -5641 1113 3841 2565
-1977 -778 -5641 1310 3706 2465
-1977 -778 -5641 1361 3671 2368
-1977 -778 -5641 1294 3652 2067
-1977 -778 -5641 1374 3677 2585
-1977 -778 -5641 1364 3682 2104
-1844 -426 -5919 1282 3654 2250
-1844 -426 -5919 1253 3629 2451
-1844 -426 -5919 1251 3613 2403
-1844 -426 -5919 1169 3426 2632
-1844 -426 -5919 1399 3623 2504
-1844 -426 -5919 1382 3552 2684
-1844 -426 -5919 1427 3547 2661
-1600 -145 -6116 1344 3466 2475
-1600 -145 -6116 1253 3427 2472
-1600 -145 -6116 1179 3497 2257
-1600 -145 -6116 1124 3539 2324
-1600 -145 -6116 1126 3658 2372
-1600 -145 -6116 1072 3780 2682
-1600 -145 -6116 923 3781 2659
-1327 100 -6281 721 3615 2482
-1327 100 -6281 592 3820 2667
-1327 100 -6281 618 3667 2631
-1327 100 -6281 511 3675 2738
-1327 100 -6281 367 3637 2635
-1327 100 -6281 369 3594 2946
-873 328 -6378 252 3412 3446
-873 328 -6378 265 3715 2741
-873 328 -6378 189 3619 2792
-873 328 -6378 40 3610 2838
-873 328 -6378 -35 3443 2912
-873 328 -6378 -65 3279 2619
-873 328 -6378 -15 3128 2718
-481 467 -6319 175 2947 2719
-481 467 -6319 337 2691 2704
-481 467 -6319 417 2572 2718
-481 467 -6319 455 2445 2653
-481 467 -6319 538 2304 2719
-481 467 -6319 579 2369 2646
-481 467 -6319 578 2394 2642
-140 450 -6296 680 2549 2807
-140 450 -6296 713 2645 2794
-140 450 -6296 667 2825 2956
-140 450 -6296 593 2823 2938
-140 450 -6296 429 2883 2788
-140 450 -6296 302 2922 3005
-140 450 -6296 204 2926 2983
196 300 -6153 250 2790 2857
196 300 -6153 231 2801 3054
196 300 -6153 303 2623 3014
196 300 -6153 494 2600 2912
196 300 -6153 594 2526 3113
196 300 -6153 802 2507 2997
196 300 -6153 850 2440 3138
385 -4 -5999 1006 2375 3053
385 -4 -5999 1065 2457 3000
385 -4 -5999 1167 2503 2744
385 -4 -5999 1120 2895 2620
385 -4 -5999 1269 2605 3055
385 -4 -5999 1315 2731 3094
385 -4 -5999 1345 2927 3288
411 -290 -5867 1152 3022 2989
411 -290 -5867 1032 3055 2988
411 -290 -5867 809 2959 2703
411 -290 -5867 520 2899 2676
411 -290 -5867 365 2709 2915
411 -290 -5867 599 2857 2979
469 -568 -5712 823 2961 3143
469 -568 -5712 961 2623 2980
469 -568 -5712 803 2549 3307
469 -568 -5712 868 2668 3275
469 -568 -5712 1000 2656 3052
469 -568 -5712 1014 2542 3041
469 -568 -5712 840 2397 3019
208 -878 -5607 821 2291 3320
208 -878 -5607 1028 2188 2949
208 -878 -5607 1290 2014 2519
208 -878 -5607 1277 1817 2536
208 -878 -5607 2069 -509 1535
208 -878 -5607 4353 1567 2381
208 -878 -5607 1214 1991 2623
-286 -1063 -5608 946 1818 2533
-286 -1063 -5608 1163 1525 2477
-286 -1063 -5608 1064 1654 2916
-286 -1063 -5608 1214 1630 2483
-286 -1063 -5608 1553 2089 2074
-286 -1063 -5608 226 1892 2770
-286 -1063 -5608 1473 1536 2323
-864 -1101 -5715 2572 758 455
-864 -1101 -5715 1512 1140 2081
-864 -1101 -5715 3133 1203 977
-864 -1101 -5715 1581 1235 1464
-864 -1101 -5715 1492 1030 1572
-864 -1101 -5715 1511 951 1130
-864 -1101 -5715 1884 738 502
-1575 -963 -5633 2506 612 1500
-1575 -963 -5633 2111 757 1206
-1575 -963 -5633 2013 491 722
-1575 -963 -5633 2007 702 854
-1575 -963 -5633 2433 655 456
-1575 -963 -5633 2782 528 567
-2308 -700 -5419 3084 288 585
-2308 -700 -5419 2939 247 392
-2308 -700 -5419 2842 221 375
-2308 -700 -5419 3198 248 237
-2308 -700 -5419 3650 116 281
-2308 -700 -5419 3868 46 -2
-2308 -700 -5419 4141 -7 3
-2993 -427 -5043 4316 -222 -18
-2993 -427 -5043 4373 -173 -335
-2993 -427 -5043 4785 -243 -412
-2993 -427 -5043 5387 -407 -407
-2993 -427 -5043 5325 -527 -540
-2993 -427 -5043 5988 -796 -1381
-2993 -427 -5043 4616 766 -2021
-3400 -288 -4575 3318 -1942 877
-3400 -288 -4575 7329 -2306 1174
-3400 -288 -4575 2320 3682 4308
-3400 -288 -4575 3364 -510 1646
-3400 -288 -4575 1850 1606 -3424
-3400 -288 -4575 6192 -1074 1632
-3400 -288 -4575 5516 1724 -4058
-3774 -91 -3917 5773 -639 -195
-3774 -91 -3917 5881 366 -1415
-3774 -91 -3917 7251 2101 -2562
-3774 -91 -3917 8597 -1105 4669
-3774 -91 -3917 8333 -927 2671
-3774 -91 -3917 7834 1268 1011
-3774 -91 -3917 5819 545 -639
-3955 31 -3336 6956 406 201
-3955 31 -3336 6441 702 -153
-3955 31 -3336 6731 597 424
-3955 31 -3336 6507 612 509
-3955 31 -3336 6153 607 499
-3955 31 -3336 6273 401 237
-3932 77 -2977 6358 102 222
-3932 77 -2977 6374 73 706
-3932 77 -2977 6443 55 626
-3932 77 -2977 6159 103 371
-3932 77 -2977 6174 -104 533
-3932 77 -2977 5938 -114 326
-3932 77 -2977 6113 -279 378
-3882 36 -2843 6101 -359 485
-3882 36 -2843 5954 -344 266
-3882 36 -2843 5863 -435 260
-3882 36 -2843 5553 -469 125
-3882 36 -2843 5381 -553 94
-3882 36 -2843 5153 -507 -140
-3882 36 -2843 5038 -656 -133
-3872 -17 -3020 4962 -554 -130
-3872 -17 -3020 4692 -591 -259
-3872 -17 -3020 4558 -614 -137
-3872 -17 -3020 4425 -464 -229
-3872 -17 -3020 4235 -223 -92
-3872 -17 -3020 4224 63 -60
-3872 -17 -3020 4241 -45 48
-3881 -31 -3195 4038 -18 -391
-3881 -31 -3195 4129 7 -256
-3881 -31 -3195 4110 -4 -388
-3881 -31 -3195 4090 266 -330
-3881 -31 -3195 4086 454 -90
-3881 -31 -3195 4008 440 -317
-3881 -31 -3195 4064 398 -402
-3868 0 -3406 3895 459 -313
-3868 0 -3406 4184 678 -397
-3868 0 -3406 3983 1155 -88
-3868 0 -3406 3700 758 125
-3868 0 -3406 3610 1464 164
-3868 0 -3406 3824 667 -184
-3868 0 -3406 3854 1038 -429
-3891 52 -3669 4066 915 -85
-3891 52 -3669 4144 1132 195
-3891 52 -3669 4127 1246 269
-3891 52 -3669 4250 1218 104
-3891 52 -3669 4348 1068 256
-3891 52 -3669 4406 870 82
-3832 49 -3938 4400 680 35
-3832 49 -3938 4142 758 29
-3832 49 -3938 4274 136 567
-3832 49 -3938 4082 456 -14
-3832 49 -3938 4170 82 259
-3832 49 -3938 4323 -410 277
-3832 49 -3938 3817 35 36
-3793 142 -4170 4083 -23 333
-3793 142 -4170 4155 475 295
-3793 142 -4170 4271 803 306
-3793 142 -4170 4110 1064 235
-3793 142 -4170 4053 1107 462
-3793 142 -4170 4061 1158 373
-3793 142 -4170 3893 945 326
-3718 118 -4475 3938 658 200
-3718 118 -4475 3759 333 59
-3718 118 -4475 3830 24 3
-3718 118 -4475 3947 -355 101
-3718 118 -4475 3765 -171 -83
-3718 118 -4475 3780 -20 86
-3718 118 -4475 3915 19 243
-3398 -229 -4705 4094 68 -93
-3398 -229 -4705 4330 14 -6
-3398 -229 -4705 4408 40 487
-3398 -229 -4705 4123 224 432
-3398 -229 -4705 4293 383 418
-3398 -229 -4705 4457 384 860
-3398 -229 -4705 4239 501 673
-2885 -796 -4879 4779 901 389
-2885 -796 -4879 4147 646 1187
-2885 -796 -4879 4421 955 1519
-2885 -796 -4879 4394 1403 810
-2885 -796 -4879 4565 1279 929
-2885 -796 -4879 4471 1333 1246
-2377 -1190 -4938 4392 1386 1263
-2377 -1190 -4938 4391 1373 1435
-2377 -1190 -4938 4517 1507 1395
-2377 -1190 -4938 4164 1456 1366
-2377 -1190 -4938 4066 1384 1384
-2377 -1190 -4938 3928 1348 1304
-2377 -1190 -4938 3885 1379 1378
-2058 -1332 -4990 3761 1009 1362
-2058 -1332 -4990 3537 1437 1121
-2058 -1332 -4990 3497 1627 1689
-2058 -1332 -4990 2394 1348 396
-2058 -1332 -4990 3018 1161 967
-2058 -1332 -4990 6895 -521 3257
-2058 -1332 -4990 4616 -18 119
-1768 -1440 -5093 2063 996 1857
-1768 -1440 -5093 2169 49 32
-1768 -1440 -5093 4523 441 1308
-1768 -1440 -5093 6516 1280 2012
-1768 -1440 -5093 3656 1916 1224
-1768 -1440 -5093 3796 -246 2885
-1768 -1440 -5093 7538 2642 1699
-1587 -1494 -5035 6113 6607 4600
-1587 -1494 -5035 3677 -2247 1578
-1587 -1494 -5035 1908 4046 1777
-1587 -1494 -5035 3208 -348 2409
-1587 -1494 -5035 7808 4426 1266
-1587 -1494 -5035 2586 -1284 3642
-1587 -1494 -5035 1764 -1277 4506
-1529 -1553 -5033 5889 1695 2053
-1529 -1553 -5033 2403 1673 884
-1529 -1553 -5033 3385 209 2002
-1529 -1553 -5033 3005 1209 1214
-1529 -1553 -5033 3026 1856 1080
-1529 -1553 -5033 3296 1110 1139
-1600 -1603 -4892 4067 1415 834
-1600 -1603 -4892 3954 1224 990
-1600 -1603 -4892 3888 1312 720
-1600 -1603 -4892 3962 1299 957
-1600 -1603 -4892 4163 1365 767
-1600 -1603 -4892 4276 1762 807
-1600 -1603 -4892 4192 1570 745
-1664 -1701 -4637 4208 1560 686
-1664 -1701 -4637 4244 1520 730
-1664 -1701 -4637 4368 1560 644
-1664 -1701 -4637 4416 1712 626
-1664 -1701 -4637 4487 1851 566
-1664 -1701 -4637 4510 2026 666
-1664 -1701 -4637 4536 2046 521
-1732 -1813 -4418 4589 2049 470
-1732 -1813 -4418 4529 2320 331
-1732 -1813 -4418 4528 2514 260
-1732 -1813 -4418 4518 2534 368
-1732 -1813 -4418 4485 2539 350
-1732 -1813 -4418 4396 2758 254
-1732 -1813 -4418 4440 2749 41
-1885 -1855 -4193 4314 2912 180
-1885 -1855 -4193 4328 2966 48
-1885 -1855 -4193 4272 2953 218
-1885 -1855 -4193 4184 2960 47
-1885 -1855 -4193 4189 2906 137
-1885 -1855 -4193 4180 2858 200
-1885 -1855 -4193 4255 2579 97
-2347 -1654 -4058 4337 2831 458
-2347 -1654 -4058 4435 2863 140
-2347 -1654 -4058 4535 2897 170
-2347 -1654 -4058 4383 3057 350
-2347 -1654 -4058 4538 2766 376
-2347 -1654 -4058 4649 2765 563
-2922 -1203 -3947 4642 2605 308
-2922 -1203 -3947 4789 2387 100
-2922 -1203 -3947 4862 2204 500
-2922 -1203 -3947 4606 2402 311
-2922 -1203 -3947 4740 2528 445
-2922 -1203 -3947 4931 2665 672
-2922 -1203 -3947 4995 2479 935
-3625 -379 -3957 4706 2763 778
-3625 -379 -3957 4303 2609 833
-3625 -379 -3957 4602 2339 1001
-3625 -379 -3957 4488 2102 1153
-3625 -379 -3957 4212 2242 979
-3625 -379 -3957 4124 1700 1130
-3625 -379 -3957 4061 1645 1232
-4020 640 -3796 4107 1735 947
-4020 640 -3796 4255 1245 1108
-4020 640 -3796 4236 736 1064
-4020 640 -3796 4204 706 779
-4020 640 -3796 4474 615 935
-4020 640 -3796 4034 578 1094
-4020 640 -3796 3993 339 1102
-4032 1504 -3552 3733 79 1185
-4032 1504 -3552 3937 131 1874
-4032 1504 -3552 3189 -227 537
-4032 1504 -3552 3558 -448 1113
-4032 1504 -3552 3735 -773 709
-4032 1504 -3552 3375 -1193 1184
-4032 1504 -3552 3722 -914 816
-3922 2078 -3305 2456 -908 752
-3922 2078 -3305 3344 -776 1740
-3922 2078 -3305 3221 -1059 444
-3922 2078 -3305 4498 -1896 1745
-3922 2078 -3305 3656 -2002 225
-3922 2078 -3305 3655 -1585 1542
-3922 2078 -3305 3974 -1740 587
-3807 2426 -3185 3375 -1752 907
-3807 2426 -3185 3722 -1812 741
-3807 2426 -3185 3882 -1874 940
-3807 2426 -3185 3736 -1756 622
-3807 2426 -3185 3768 -1664 668
-3807 2426 -3185 3721 -1700 431
-3802 2481 -3247 3732 -1734 536
-3802 2481 -3247 3867 -1844 463
-3802 2481 -3247 3677 -1627 219
-3802 2481 -3247 3817 -1648 189
-3802 2481 -3247 3792 -1662 110
-3802 2481 -3247 3802 -1710 -65
-3802 2481 -3247 3806 -1814 -170
-3772 2485 -3314 3853 -1951 -35
-3772 2485 -3314 3874 -1954 -428
-3772 2485 -3314 3842 -1950 -476
-3772 2485 -3314 3960 -2042 -564
-3772 2485 -3314 4081 -2049 -469
-3772 2485 -3314 4001 -2031 -758
-3772 2485 -3314 4080 -2002 -618
-3763 2542 -3445 4024 -1798 -673
-3763 2542 -3445 3963 -2390 -562
-3763 2542 -3445 4167 -2405 -1020
-3763 2542 -3445 4170 -2085 -947
-3763 2542 -3445 4217 -2139 -891
-3763 2542 -3445 3969 -1877 -1023
-3763 2542 -3445 4181 -1993 -1222
-3718 2573 -3618 4173 -1945 -1127
-3718 2573 -3618 4194 -1988 -1380
-3718 2573 -3618 4111 -2027 -1409
-3718 2573 -3618 4115 -2203 -1565
-3718 2573 -3618 3891 -2238 -1493
-3718 2573 -3618 4126 -2204 -1680
-3718 2573 -3618 4219 -2317 -1864
-3636 2645 -3861 4164 -2306 -1882
-3636 2645 -3861 4122 -2250 -1865
-3636 2645 -3861 4200 -2182 -1972
-3636 2645 -3861 4203 -2071 -1855
-3636 2645 -3861 4036 -1798 -1817
-3636 2645 -3861 4058 -2136 -1931
-3560 2688 -4139 4077 -2047 -2083
-3560 2688 -4139 4024 -2014 -1949
-3560 2688 -4139 3968 -1976 -2101
-3560 2688 -4139 4013 -1935 -2241
-3560 2688 -4139 3937 -1947 -2194
-3560 2688 -4139 4013 -1955 -2227
-3560 2688 -4139 3982 -1864 -2160
-3456 2692 -4404 4057 -1947 -2278
-3456 2692 -4404 4028 -1922 -2211
-3456 2692 -4404 4100 -1940 -2123
-3456 2692 -4404 4205 -1821 -2237
-3456 2692 -4404 4139 -1829 -2192
-3456 2692 -4404 4076 -1908 -2207
-3456 2692 -4404 4062 -2040 -2443
-3361 2711 -4659 4198 -2064 -2526
-3361 2711 -4659 4290 -1951 -2183
-3361 2711 -4659 4268 -2002 -2170
-3361 2711 -4659 4307 -1977 -2008
-3361 2711 -4659 4280 -1970 -2062
-3361 2711 -4659 4593 -2007 -2126
-3361 2711 -4659 4276 -2098 -1795
-3196 2654 -4836 4251 -2162 -2088
-3196 2654 -4836 4187 -2059 -1819
-3196 2654 -4836 4075 -1997 -1807
-3196 2654 -4836 3941 -2113 -1759
-3196 2654 -4836 3940 -2296 -1816
-3196 2654 -4836 3980 -2368 -1725
-3196 2654 -4836 4069 -2497 -1838
-3081 2610 -4968 3843 -2518 -1500
-3081 2610 -4968 4019 -2727 -1769
-3081 2610 -4968 3790 -2902 -1588
-3081 2610 -4968 3697 -3137 -1559
-3081 2610 -4968 3742 -3166 -1507
-3081 2610 -4968 4081 -3038 -1327
-3081 2610 -4968 3729 -3101 -1238
-3010 2501 -5090 3737 -3223 -1356
-3010 2501 -5090 3770 -3344 -1191
-3010 2501 -5090 3859 -3461 -1240
-3010 2501 -5090 3945 -3366 -799
-3010 2501 -5090 4062 -3428 -690
-3010 2501 -5090 4010 -3378 -715
-2991 2373 -5202 3776 -3453 -513
-2991 2373 -5202 3805 -3395 -495
-2991 2373 -5202 3958 -3406 -373
-2991 2373 -5202 4022 -3306 -95
-2991 2373 -5202 4091 -3185 -127
-2991 2373 -5202 4043 -2930 180
-2991 2373 -5202 3904 -2770 36
-2911 2202 -5367 3833 -2631 460
-2911 2202 -5367 3805 -2421 472
-2911 2202 -5367 3771 -2237 522
-2911 2202 -5367 3733 -2136 689
-2911 2202 -5367 3740 -2104 933
-2911 2202 -5367 3848 -1871 974
-2911 2202 -5367 3658 -1834 857
-2790 2088 -5491 3443 -1627 1169
-2790 2088 -5491 3346 -1396 1096
-2790 2088 -5491 3228 -1346 1470
-2790 2088 -5491 3465 -1099 1071
-2790 2088 -5491 3258 -1056 1350
-2790 2088 -5491 3332 -1274 1283
-2790 2088 -5491 3311 -1117 1570
-2689 1979 -5571 3444 -1160 1242
-2689 1979 -5571 3276 -982 1423
-2689 1979 -5571 3099 -1140 1658
-2689 1979 -5571 3353 -1119 1457
-2689 1979 -5571 3189 -1185 1439
-2689 1979 -5571 3066 -1056 1433
-2689 1979 -5571 2973 -951 1395
-2629 1967 -5639 2982 -888 1386
-2629 1967 -5639 3078 -816 1571
-2629 1967 -5639 3412 -666 1837
-2629 1967 -5639 3817 -539 2018
-2629 1967 -5639 4122 -558 2166
-2629 1967 -5639 4196 -824 2144
-2629 1967 -5639 4465 -607 2191
-2594 1864 -5764 4758 -672 2316
-2594 1864 -5764 4911 -805 2198
-2594 1864 -5764 4963 -941 2042
-2594 1864 -5764 4745 -1191 2363
-2594 1864 -5764 4698 -1080 2216
-2594 1864 -5764 4835 -629 2061
-2516 1832 -5823 5280 -1330 2796
-2516 1832 -5823 5163 -985 2473
-2516 1832 -5823 5207 -1079 2634
-2516 1832 -5823 5025 -964 2906
-2516 1832 -5823 4691 -927 2595
-2516 1832 -5823 4337 -943 2452
-2516 1832 -5823 4034 -796 2460
-2287 1821 -5954 3889 -1063 2431
-2287 1821 -5954 3749 -1095 2666
-2287 1821 -5954 3669 -1275 2335
-2287 1821 -5954 3661 -1379 2231
-2287 1821 -5954 3656 -1556 2141
-2287 1821 -5954 3584 -1712 2076
-2287 1821 -5954 3350 -1756 1928
-2055 1771 -6076 3244 -1846 1992
-2055 1771 -6076 3091 -1723 1815
-2055 1771 -6076 3037 -1579 1840
-2055 1771 -6076 2987 -1545 1997
-2055 1771 -6076 2764 -1268 2233
-2055 1771 -6076 2923 -1197 2279
-2055 1771 -6076 3014 -938 2223
-1820 1595 -6237 2891 -1081 2474
-1820 1595 -6237 3308 -450 1939
-1820 1595 -6237 3479 -1719 2938
-1820 1595 -6237 3159 -779 2920
-1820 1595 -6237 3553 -581 2475
-1820 1595 -6237 3245 -551 2796
-1820 1595 -6237 3052 -688 2387
-1601 1298 -6300 2738 -280 2572
-1601 1298 -6300 3168 -752 3068
-1601 1298 -6300 3472 -128 2895
-1601 1298 -6300 2929 -407 2960
-1601 1298 -6300 2486 -58 3223
-1601 1298 -6300 2782 160 3087
-1445 1018 -6387 2276 -55 3129
-1445 1018 -6387 2144 84 3050
-1445 1018 -6387 2279 197 2988
-1445 1018 -6387 2503 241 2956
-1445 1018 -6387 2654 40 2984
-1445 1018 -6387 3468 -16 2773
-1445 1018 -6387 2797 569 2911
-1294 783 -6362 7191 -298 2754
-1294 783 -6362 1175 -363 2380
-1294 783 -6362 57 -263 2093
-1294 783 -6362 3525 -769 3046
-1294 783 -6362 2147 47 2998
-1294 783 -6362 1482 -776 2806
-1294 783 -6362 1996 -142 2974
-1184 639 -6404 2255 -243 3408
-1184 639 -6404 3111 -1161 3439
-1184 639 -6404 2893 -387 3707
-1184 639 -6404 2417 -167 2922
-1184 639 -6404 2401 -587 3527
-1184 639 -6404 2315 187 3182
-1184 639 -6404 2417 -235 3611
-1060 482 -6360 1972 64 3592
-1060 482 -6360 2054 -28 3864
-1060 482 -6360 1898 -90 3558
-1060 482 -6360 1884 -294 3827
-1060 482 -6360 1973 -221 3844
-1060 482 -6360 2213 -309 3971
-1060 482 -6360 2284 -298 4114
-886 364 -6365 2358 -278 4304
-886 364 -6365 2628 -246 4434
-886 364 -6365 2678 -132 4627
-886 364 -6365 3270 -15 4370
-886 364 -6365 2687 -237 3670
-886 364 -6365 3062 168 5248
-886 364 -6365 2156 -302 4142
-725 230 -6329 3745 -567 5509
-725 230 -6329 2843 159 4983
-725 230 -6329 5266 946 6826
-725 230 -6329 2257 108 4965
-725 230 -6329 1638 644 4195
-725 230 -6329 1900 1042 4155
-389 27 -6254 2454 1548 4904
-389 27 -6254 2227 1805 4137
-389 27 -6254 1375 419 4092
-389 27 -6254 1711 -895 3690
-389 27 -6254 -261 1011 3167
-389 27 -6254 138 50 5213
-389 27 -6254 446 1096 2148
-234 182 -6225 276 -470 4075
-234 182 -6225 238 1734 4366
-234 182 -6225 2580 20 1401
-234 182 -6225 -842 -694 4300
